3.900300000000000000e+04
3.500000000000000000e+01
1.900000000000000000e+01
4.600000000000000000e+01
1.200000000000000000e+01
3.700000000000000000e+01
2.100000000000000000e+01
3.800000000000000000e+02
2.500000000000000000e+01
2.970000000000000000e+02
1.730000000000000000e+02
5.100000000000000000e+02
2.160000000000000000e+02
8.400000000000000000e+01
6.100000000000000000e+01
1.200000000000000000e+01
7.400000000000000000e+01
5.400000000000000000e+01
4.158000000000000000e+03
7.538000000000000000e+03
9.673000000000000000e+03
1.332300000000000000e+04
5.165100000000000000e+04
7.909000000000000000e+03
1.281600000000000000e+04
1.845000000000000000e+04
2.774700000000000000e+04
2.821500000000000000e+04
2.010700000000000000e+04
2.880000000000000000e+02
4.762000000000000000e+03
1.492100000000000000e+04
3.498700000000000000e+04
8.952000000000000000e+03
4.200000000000000000e+01
2.372200000000000000e+04
1.137200000000000000e+04
1.048300000000000000e+04
3.458100000000000000e+04
9.000000000000000000e+01
2.310000000000000000e+02
7.100000000000000000e+01
9.535000000000000000e+03
2.168000000000000000e+03
2.498800000000000000e+04
2.570000000000000000e+02
4.500000000000000000e+01
4.800000000000000000e+01
1.390000000000000000e+02
6.850000000000000000e+02
6.700000000000000000e+01
1.420000000000000000e+02
7.100000000000000000e+01
1.097600000000000000e+04
9.900000000000000000e+01
2.910000000000000000e+02
2.778500000000000000e+04
8.100000000000000000e+01
1.112000000000000000e+03
5.300000000000000000e+01
2.720000000000000000e+02
1.590000000000000000e+02
1.449000000000000000e+03
3.680000000000000000e+02
6.625000000000000000e+03
5.953000000000000000e+03
1.078000000000000000e+03
2.249000000000000000e+03
5.310000000000000000e+04
1.165700000000000000e+04
5.300000000000000000e+01
6.800000000000000000e+01
1.380000000000000000e+02
7.300000000000000000e+01
5.600000000000000000e+01
7.300000000000000000e+01
8.600000000000000000e+01
6.000000000000000000e+01
8.300000000000000000e+01
2.771800000000000000e+04
8.900000000000000000e+01
7.900000000000000000e+01
5.400000000000000000e+01
1.050000000000000000e+02
4.900000000000000000e+01
2.400000000000000000e+02
3.300000000000000000e+01
8.600000000000000000e+01
8.800000000000000000e+01
1.213000000000000000e+03
1.167000000000000000e+03
2.670000000000000000e+02
2.177200000000000000e+04
3.074500000000000000e+04
3.900000000000000000e+01
9.700000000000000000e+01
3.275500000000000000e+04
1.957300000000000000e+04
7.891000000000000000e+03
3.726000000000000000e+03
9.245000000000000000e+03
1.318200000000000000e+04
1.310000000000000000e+02
5.890000000000000000e+02
1.127300000000000000e+04
2.130000000000000000e+02
2.080000000000000000e+02
1.028800000000000000e+04
7.500000000000000000e+01
7.700000000000000000e+01
2.485300000000000000e+04
6.200000000000000000e+02
8.610000000000000000e+02
1.964000000000000000e+03
2.860000000000000000e+03
6.677000000000000000e+03
1.835000000000000000e+03
8.916000000000000000e+03
3.810000000000000000e+02
3.710000000000000000e+02
1.840000000000000000e+02
1.800000000000000000e+02
3.900000000000000000e+01
5.200000000000000000e+01
7.200000000000000000e+01
3.039600000000000000e+04
1.437000000000000000e+03
1.755000000000000000e+03
9.300000000000000000e+01
1.733000000000000000e+03
1.477000000000000000e+03
4.620000000000000000e+03
4.548000000000000000e+03
1.125000000000000000e+03
4.274000000000000000e+03
4.919000000000000000e+03
1.090000000000000000e+02
1.239200000000000000e+04
2.180100000000000000e+04
8.360000000000000000e+02
5.844000000000000000e+03
2.728000000000000000e+03
7.058000000000000000e+03
3.493000000000000000e+03
1.027000000000000000e+03
9.259000000000000000e+03
2.461500000000000000e+04
6.100000000000000000e+01
5.800000000000000000e+01
5.300000000000000000e+01
1.060700000000000000e+04
6.730000000000000000e+02
1.530000000000000000e+02
5.500000000000000000e+01
7.200000000000000000e+01
4.800000000000000000e+01
7.060000000000000000e+02
3.835600000000000000e+04
3.100000000000000000e+01
6.000000000000000000e+01
2.800000000000000000e+01
1.600000000000000000e+01
8.200000000000000000e+01
3.700000000000000000e+01
1.900000000000000000e+01
1.440000000000000000e+02
1.410000000000000000e+02
1.446000000000000000e+03
3.228200000000000000e+04
5.700000000000000000e+01
1.030000000000000000e+02
7.400000000000000000e+01
8.200000000000000000e+01
1.370000000000000000e+02
2.800000000000000000e+01
2.012000000000000000e+03
1.723000000000000000e+03
2.174000000000000000e+03
3.343000000000000000e+03
3.278000000000000000e+03
6.076000000000000000e+03
4.593000000000000000e+03
7.417000000000000000e+03
1.821500000000000000e+04
4.370000000000000000e+03
9.600000000000000000e+01
2.320900000000000000e+04
4.000000000000000000e+01
5.900000000000000000e+01
8.300000000000000000e+01
1.770000000000000000e+03
1.567000000000000000e+03
3.718000000000000000e+03
1.710000000000000000e+02
3.387900000000000000e+04
1.890000000000000000e+02
6.100000000000000000e+01
3.718200000000000000e+04
3.200000000000000000e+01
2.310000000000000000e+02
3.700000000000000000e+01
6.200000000000000000e+01
1.400000000000000000e+01
1.100000000000000000e+01
3.000000000000000000e+01
5.300000000000000000e+01
7.222000000000000000e+03
1.583600000000000000e+04
3.688500000000000000e+04
4.800000000000000000e+01
3.400000000000000000e+01
2.310000000000000000e+02
4.000000000000000000e+00
6.100000000000000000e+01
8.000000000000000000e+01
3.300000000000000000e+01
1.120000000000000000e+02
3.000000000000000000e+01
1.471000000000000000e+03
2.111000000000000000e+03
1.263600000000000000e+04
1.060500000000000000e+04
5.252400000000000000e+04
4.465000000000000000e+03
5.706000000000000000e+03
5.717000000000000000e+03
3.960300000000000000e+04
7.670000000000000000e+02
1.377000000000000000e+03
1.501000000000000000e+03
4.386800000000000000e+04
1.179800000000000000e+04
8.138000000000000000e+03
1.509900000000000000e+04
9.800000000000000000e+01
3.914500000000000000e+04
1.680000000000000000e+02
5.052000000000000000e+03
5.980000000000000000e+02
1.921000000000000000e+03
2.752600000000000000e+04
8.180000000000000000e+02
2.240000000000000000e+02
4.400000000000000000e+01
4.400000000000000000e+01
4.300000000000000000e+01
3.900000000000000000e+01
4.300000000000000000e+01
6.400000000000000000e+01
1.390300000000000000e+04
8.840000000000000000e+02
4.000000000000000000e+02
2.240100000000000000e+04
2.340000000000000000e+02
9.000000000000000000e+01
1.870000000000000000e+02
8.000000000000000000e+01
9.600000000000000000e+01
6.200000000000000000e+01
7.800000000000000000e+01
1.560000000000000000e+02
5.473600000000000000e+04
1.426700000000000000e+04
7.200000000000000000e+01
4.613200000000000000e+04
7.900000000000000000e+01
1.956700000000000000e+04
7.999000000000000000e+03
8.928000000000000000e+03
2.203100000000000000e+04
9.900000000000000000e+01
3.171700000000000000e+04
1.619000000000000000e+03
7.000000000000000000e+00
4.000000000000000000e+01
3.500000000000000000e+01
9.300000000000000000e+01
2.800000000000000000e+01
8.784000000000000000e+03
1.092300000000000000e+04
1.335100000000000000e+04
6.100000000000000000e+01
9.700000000000000000e+01
1.320200000000000000e+04
1.253500000000000000e+04
1.385800000000000000e+04
1.930300000000000000e+04
1.610000000000000000e+02
5.600000000000000000e+01
9.400000000000000000e+01
3.109300000000000000e+04
8.300000000000000000e+01
1.740000000000000000e+02
4.700000000000000000e+01
9.042000000000000000e+03
6.200000000000000000e+01
4.400000000000000000e+01
1.538900000000000000e+04
7.942000000000000000e+03
2.880700000000000000e+04
1.441500000000000000e+04
1.730000000000000000e+02
8.485000000000000000e+03
7.207000000000000000e+03
7.297000000000000000e+03
4.203000000000000000e+03
1.333500000000000000e+04
7.300000000000000000e+01
4.604400000000000000e+04
1.540000000000000000e+03
5.482000000000000000e+03
6.000000000000000000e+01
9.100000000000000000e+01
1.060000000000000000e+02
6.900000000000000000e+01
3.200000000000000000e+01
6.800000000000000000e+01
2.401600000000000000e+04
6.043000000000000000e+03
5.078700000000000000e+04
2.345100000000000000e+04
7.300000000000000000e+01
5.415400000000000000e+04
2.247300000000000000e+04
3.700000000000000000e+02
3.930000000000000000e+02
1.600000000000000000e+02
5.600000000000000000e+01
3.006700000000000000e+04
5.270000000000000000e+02
1.140000000000000000e+02
5.360000000000000000e+02
4.400000000000000000e+01
1.370000000000000000e+02
2.890000000000000000e+02
1.950000000000000000e+02
1.130000000000000000e+02
9.860000000000000000e+02
4.890000000000000000e+02
1.306800000000000000e+04
4.656000000000000000e+03
3.819900000000000000e+04
1.900000000000000000e+01
5.500000000000000000e+01
5.200000000000000000e+01
2.200000000000000000e+01
4.700000000000000000e+01
2.000000000000000000e+01
7.660000000000000000e+02
2.578000000000000000e+03
5.877300000000000000e+04
2.410000000000000000e+02
2.536500000000000000e+04
2.466900000000000000e+04
6.800000000000000000e+01
2.368500000000000000e+04
6.800000000000000000e+01
7.540000000000000000e+02
1.511200000000000000e+04
2.940000000000000000e+02
4.000000000000000000e+01
2.800000000000000000e+02
7.090000000000000000e+02
4.080000000000000000e+03
4.172000000000000000e+03
5.233000000000000000e+03
9.010000000000000000e+02
1.410000000000000000e+02
4.675500000000000000e+04
5.087400000000000000e+04
3.500000000000000000e+01
9.179000000000000000e+03
4.800000000000000000e+01
4.000300000000000000e+04
9.000000000000000000e+00
1.500000000000000000e+01
1.360000000000000000e+02
3.000000000000000000e+01
1.200000000000000000e+01
5.850000000000000000e+02
4.200000000000000000e+01
4.600000000000000000e+01
3.422600000000000000e+04
1.134100000000000000e+04
1.304000000000000000e+03
4.524100000000000000e+04
1.160000000000000000e+04
4.029000000000000000e+03
7.965000000000000000e+03
1.021900000000000000e+04
7.000000000000000000e+00
5.800000000000000000e+01
3.200000000000000000e+01
5.500000000000000000e+01
4.909000000000000000e+03
8.803000000000000000e+03
6.753000000000000000e+03
1.197000000000000000e+03
1.430000000000000000e+02
3.578700000000000000e+04
5.400000000000000000e+01
4.570000000000000000e+02
3.900000000000000000e+01
5.600000000000000000e+01
7.000000000000000000e+01
2.900000000000000000e+01
2.300000000000000000e+01
1.020000000000000000e+02
1.040000000000000000e+02
1.419000000000000000e+03
1.444000000000000000e+03
2.094700000000000000e+04
2.268800000000000000e+04
3.818000000000000000e+03
1.012000000000000000e+03
3.205000000000000000e+03
1.166000000000000000e+03
8.555000000000000000e+03
9.410000000000000000e+02
9.004000000000000000e+03
2.260000000000000000e+02
4.464000000000000000e+03
2.177000000000000000e+03
1.214000000000000000e+03
1.011000000000000000e+03
4.727000000000000000e+03
1.245400000000000000e+04
5.265000000000000000e+03
5.231000000000000000e+03
4.877000000000000000e+03
4.125000000000000000e+03
1.782000000000000000e+03
9.306000000000000000e+03
8.857000000000000000e+03
4.205000000000000000e+03
4.176000000000000000e+03
3.103000000000000000e+03
9.483000000000000000e+03
1.836000000000000000e+03
2.473000000000000000e+03
1.920000000000000000e+02
4.660000000000000000e+02
2.986000000000000000e+03
1.968800000000000000e+04
1.559300000000000000e+04
2.880000000000000000e+02
1.882000000000000000e+03
1.530000000000000000e+02
2.222000000000000000e+03
1.985000000000000000e+03
6.300000000000000000e+02
2.917000000000000000e+03
9.143000000000000000e+03
6.960000000000000000e+02
1.035100000000000000e+04
6.870000000000000000e+02
1.114000000000000000e+03
7.087000000000000000e+03
1.276600000000000000e+04
9.500000000000000000e+03
2.804000000000000000e+03
1.478900000000000000e+04
1.050000000000000000e+02
1.805000000000000000e+03
3.039000000000000000e+03
3.572000000000000000e+03
2.706000000000000000e+03
1.130000000000000000e+02
1.270000000000000000e+02
9.623000000000000000e+03
6.100000000000000000e+01
4.300000000000000000e+01
3.880000000000000000e+02
9.210000000000000000e+02
1.291700000000000000e+04
2.184800000000000000e+04
1.410000000000000000e+02
8.600000000000000000e+01
2.051600000000000000e+04
1.876600000000000000e+04
2.502500000000000000e+04
1.851600000000000000e+04
1.710000000000000000e+02
9.475000000000000000e+03
5.481000000000000000e+03
2.440000000000000000e+02
3.500000000000000000e+01
5.400000000000000000e+01
7.200000000000000000e+01
4.400000000000000000e+01
2.030000000000000000e+02
4.400000000000000000e+01
2.162500000000000000e+04
4.100000000000000000e+01
1.300000000000000000e+02
2.584900000000000000e+04
2.188200000000000000e+04
4.190000000000000000e+02
8.800000000000000000e+01
1.140000000000000000e+02
1.600000000000000000e+01
1.740000000000000000e+02
4.900000000000000000e+01
2.358400000000000000e+04
2.029600000000000000e+04
2.119600000000000000e+04
1.900000000000000000e+02
1.876000000000000000e+03
6.030000000000000000e+02
2.103000000000000000e+03
1.063000000000000000e+03
2.231000000000000000e+03
7.400000000000000000e+03
1.794000000000000000e+03
2.270000000000000000e+03
2.908000000000000000e+03
1.815000000000000000e+03
4.897500000000000000e+04
2.515000000000000000e+03
2.200000000000000000e+03
4.998000000000000000e+03
3.381000000000000000e+03
2.876000000000000000e+03
3.269000000000000000e+03
9.220000000000000000e+02
1.470000000000000000e+02
3.196000000000000000e+03
1.042700000000000000e+04
9.010000000000000000e+03
1.244800000000000000e+04
1.293100000000000000e+04
1.710000000000000000e+02
8.781000000000000000e+03
5.474000000000000000e+03
1.545800000000000000e+04
1.040000000000000000e+02
1.136000000000000000e+03
1.066000000000000000e+03
4.334000000000000000e+03
4.116000000000000000e+03
2.702200000000000000e+04
2.320000000000000000e+04
3.400000000000000000e+01
1.870000000000000000e+02
6.900000000000000000e+01
1.371000000000000000e+03
7.200000000000000000e+02
5.450000000000000000e+02
1.615000000000000000e+03
3.461000000000000000e+03
1.508400000000000000e+04
4.752000000000000000e+03
8.000000000000000000e+01
6.849000000000000000e+03
1.810000000000000000e+02
2.980000000000000000e+02
5.236000000000000000e+03
1.055900000000000000e+04
6.267000000000000000e+03
1.245100000000000000e+04
5.666000000000000000e+03
3.625600000000000000e+04
3.600000000000000000e+01
3.300000000000000000e+01
1.130000000000000000e+02
6.000000000000000000e+01
4.200000000000000000e+01
4.700000000000000000e+01
2.123900000000000000e+04
1.500000000000000000e+01
5.294000000000000000e+03
1.140000000000000000e+03
1.873800000000000000e+04
9.249000000000000000e+03
6.071000000000000000e+03
1.653900000000000000e+04
1.038000000000000000e+03
2.332300000000000000e+04
6.400000000000000000e+01
4.100000000000000000e+01
1.640000000000000000e+02
7.500000000000000000e+01
6.300000000000000000e+01
3.600000000000000000e+01
1.519300000000000000e+04
3.042000000000000000e+03
4.608000000000000000e+03
1.269200000000000000e+04
7.000000000000000000e+01
2.338000000000000000e+03
3.490000000000000000e+03
9.400000000000000000e+01
2.900000000000000000e+01
4.275000000000000000e+03
3.972100000000000000e+04
9.854000000000000000e+03
5.120000000000000000e+02
9.130000000000000000e+02
4.540000000000000000e+02
1.071000000000000000e+03
2.165300000000000000e+04
2.412000000000000000e+03
4.361000000000000000e+03
4.120000000000000000e+03
1.232700000000000000e+04
3.925000000000000000e+03
7.734000000000000000e+03
1.610000000000000000e+02
4.000000000000000000e+01
7.800000000000000000e+01
4.000000000000000000e+01
2.140000000000000000e+02
9.150000000000000000e+02
9.770000000000000000e+02
2.330000000000000000e+02
8.535000000000000000e+03
8.700000000000000000e+01
7.505000000000000000e+03
2.737000000000000000e+03
4.633000000000000000e+03
3.400000000000000000e+01
4.000000000000000000e+01
1.373000000000000000e+03
1.520000000000000000e+02
1.570000000000000000e+02
1.110000000000000000e+02
2.883300000000000000e+04
5.359000000000000000e+03
6.980000000000000000e+02
5.790000000000000000e+02
3.811000000000000000e+03
8.660000000000000000e+02
1.366000000000000000e+03
7.480000000000000000e+02
5.490000000000000000e+02
1.430000000000000000e+04
1.558100000000000000e+04
1.500000000000000000e+01
8.500000000000000000e+01
4.200000000000000000e+01
5.846000000000000000e+03
1.550000000000000000e+02
1.373000000000000000e+03
2.810000000000000000e+02
4.286000000000000000e+03
8.889000000000000000e+03
4.318000000000000000e+03
8.691000000000000000e+03
1.710000000000000000e+02
9.300000000000000000e+01
5.800000000000000000e+01
7.600000000000000000e+01
1.480000000000000000e+02
8.892000000000000000e+03
7.950000000000000000e+02
1.361400000000000000e+04
5.700000000000000000e+01
1.583800000000000000e+04
1.440700000000000000e+04
7.834000000000000000e+03
3.064000000000000000e+03
3.300000000000000000e+01
5.600000000000000000e+01
5.000000000000000000e+01
2.340000000000000000e+02
3.415200000000000000e+04
1.290000000000000000e+02
7.420000000000000000e+02
6.085000000000000000e+03
1.940000000000000000e+02
3.824200000000000000e+04
3.900000000000000000e+01
1.300000000000000000e+01
2.167600000000000000e+04
2.160000000000000000e+02
7.700000000000000000e+01
1.530000000000000000e+02
6.900000000000000000e+01
5.800000000000000000e+01
8.300000000000000000e+01
9.600000000000000000e+01
2.700000000000000000e+02
4.945000000000000000e+03
5.187000000000000000e+03
2.084000000000000000e+04
1.565900000000000000e+04
1.455700000000000000e+04
5.011000000000000000e+03
5.445000000000000000e+03
7.134000000000000000e+03
8.783000000000000000e+03
1.491500000000000000e+04
3.622000000000000000e+03
1.590000000000000000e+03
1.240000000000000000e+02
9.000000000000000000e+01
2.224000000000000000e+03
1.773600000000000000e+04
1.710000000000000000e+02
5.100000000000000000e+01
6.600000000000000000e+01
1.670000000000000000e+03
1.097300000000000000e+04
1.215700000000000000e+04
9.400000000000000000e+01
1.629800000000000000e+04
2.590200000000000000e+04
8.600000000000000000e+01
1.710000000000000000e+02
1.790000000000000000e+02
4.300000000000000000e+01
6.000000000000000000e+01
8.327000000000000000e+03
2.479700000000000000e+04
8.632000000000000000e+03
5.942700000000000000e+04
4.959000000000000000e+03
8.240000000000000000e+02
1.148000000000000000e+03
2.772500000000000000e+04
2.900000000000000000e+01
8.100000000000000000e+01
1.400000000000000000e+01
2.020000000000000000e+02
4.620000000000000000e+02
7.800000000000000000e+01
7.300000000000000000e+01
8.000000000000000000e+01
3.800000000000000000e+01
7.200000000000000000e+01
5.700000000000000000e+01
5.500000000000000000e+01
7.400000000000000000e+01
1.060100000000000000e+04
8.265000000000000000e+03
3.880600000000000000e+04
2.500000000000000000e+01
1.700000000000000000e+01
1.046000000000000000e+03
1.980400000000000000e+04
1.270000000000000000e+02
2.484000000000000000e+03
4.262300000000000000e+04
8.900000000000000000e+01
1.864700000000000000e+04
1.420000000000000000e+02
1.476000000000000000e+04
5.993000000000000000e+03
1.390000000000000000e+02
1.110000000000000000e+02
3.645000000000000000e+03
8.100000000000000000e+01
6.800000000000000000e+01
1.470000000000000000e+02
6.292000000000000000e+03
6.244000000000000000e+03
2.557000000000000000e+03
2.310000000000000000e+02
5.020000000000000000e+02
1.362700000000000000e+04
5.294000000000000000e+03
5.780000000000000000e+03
7.911000000000000000e+03
1.520000000000000000e+02
2.690000000000000000e+02
1.804000000000000000e+03
2.912800000000000000e+04
1.310000000000000000e+02
5.890000000000000000e+02
2.700000000000000000e+02
2.400000000000000000e+01
8.704000000000000000e+03
2.379000000000000000e+03
1.102000000000000000e+04
1.540000000000000000e+02
2.275000000000000000e+03
6.517000000000000000e+03
2.600200000000000000e+04
1.472000000000000000e+03
9.600000000000000000e+01
6.600000000000000000e+01
4.500000000000000000e+01
5.643100000000000000e+04
1.530000000000000000e+02
2.450000000000000000e+02
1.060000000000000000e+03
3.169600000000000000e+04
8.900000000000000000e+01
3.700000000000000000e+01
1.500000000000000000e+01
4.200000000000000000e+01
2.900000000000000000e+01
2.100000000000000000e+01
2.800000000000000000e+01
7.700000000000000000e+01
3.800000000000000000e+01
1.800000000000000000e+02
3.007300000000000000e+04
1.854000000000000000e+03
2.773200000000000000e+04
3.300000000000000000e+01
1.210000000000000000e+02
3.200000000000000000e+01
6.100000000000000000e+01
8.192000000000000000e+03
1.770000000000000000e+02
5.830000000000000000e+02
2.803000000000000000e+03
4.400000000000000000e+01
3.025000000000000000e+03
3.006000000000000000e+03
1.060000000000000000e+03
2.090000000000000000e+02
1.149100000000000000e+04
5.103000000000000000e+03
5.566000000000000000e+03
1.297000000000000000e+03
7.385000000000000000e+03
1.211400000000000000e+04
5.026000000000000000e+03
5.090000000000000000e+03
1.529000000000000000e+03
2.199000000000000000e+03
1.058000000000000000e+03
2.672000000000000000e+03
6.160000000000000000e+02
2.627800000000000000e+04
6.500000000000000000e+01
6.546000000000000000e+03
4.981000000000000000e+03
1.673900000000000000e+04
9.132000000000000000e+03
4.400000000000000000e+02
8.931000000000000000e+03
2.945100000000000000e+04
3.900000000000000000e+01
7.100000000000000000e+01
4.300000000000000000e+01
2.300000000000000000e+01
4.300000000000000000e+01
2.020000000000000000e+02
4.600000000000000000e+01
7.900000000000000000e+01
7.400000000000000000e+01
1.065400000000000000e+04
9.519000000000000000e+03
8.508000000000000000e+03
5.900000000000000000e+01
5.774000000000000000e+03
2.064000000000000000e+03
2.891000000000000000e+03
2.108000000000000000e+03
1.364000000000000000e+03
1.304000000000000000e+03
3.840000000000000000e+02
1.241300000000000000e+04
9.154000000000000000e+03
3.323000000000000000e+03
2.927000000000000000e+03
1.630000000000000000e+03
5.900000000000000000e+01
4.200000000000000000e+01
9.200000000000000000e+01
4.990000000000000000e+02
1.025000000000000000e+03
4.330000000000000000e+03
1.348000000000000000e+03
7.460000000000000000e+03
3.210000000000000000e+02
1.476000000000000000e+03
1.105300000000000000e+04
7.830000000000000000e+03
7.723000000000000000e+03
6.100000000000000000e+01
2.461000000000000000e+03
6.578000000000000000e+03
3.442000000000000000e+03
6.670000000000000000e+02
2.113000000000000000e+03
9.982000000000000000e+03
4.798000000000000000e+03
1.576000000000000000e+03
3.590000000000000000e+02
1.091000000000000000e+03
4.550000000000000000e+02
1.195300000000000000e+04
2.980000000000000000e+02
5.248000000000000000e+03
1.397000000000000000e+03
3.924000000000000000e+03
3.776000000000000000e+03
3.560000000000000000e+03
9.987000000000000000e+03
1.677000000000000000e+03
6.940000000000000000e+02
6.950000000000000000e+02
2.650000000000000000e+02
1.790000000000000000e+02
1.174000000000000000e+03
9.130000000000000000e+02
4.753000000000000000e+03
5.243000000000000000e+03
9.740000000000000000e+02
1.078000000000000000e+03
1.937000000000000000e+03
7.330000000000000000e+02
3.260000000000000000e+03
3.745000000000000000e+03
1.295200000000000000e+04
8.074000000000000000e+03
1.117400000000000000e+04
1.305000000000000000e+04
2.230000000000000000e+03
2.284400000000000000e+04
6.800000000000000000e+01
9.600000000000000000e+01
3.600000000000000000e+01
5.500000000000000000e+01
7.600000000000000000e+01
8.900000000000000000e+01
2.570000000000000000e+02
3.400000000000000000e+01
5.600000000000000000e+01
2.040000000000000000e+02
3.500000000000000000e+02
3.815000000000000000e+03
3.414000000000000000e+03
3.200000000000000000e+03
8.400000000000000000e+02
2.950000000000000000e+02
9.620000000000000000e+02
1.299800000000000000e+04
1.575500000000000000e+04
1.320000000000000000e+02
9.200000000000000000e+01
5.400000000000000000e+01
1.200000000000000000e+01
3.300000000000000000e+01
3.900000000000000000e+01
3.800000000000000000e+01
1.010000000000000000e+02
1.143000000000000000e+03
2.918000000000000000e+03
3.548000000000000000e+03
1.130000000000000000e+02
5.610000000000000000e+02
4.400000000000000000e+02
1.409000000000000000e+03
4.489000000000000000e+03
1.393000000000000000e+03
7.880000000000000000e+02
3.240000000000000000e+02
1.580000000000000000e+02
9.912000000000000000e+03
1.370000000000000000e+02
1.990000000000000000e+03
8.830000000000000000e+02
5.520000000000000000e+02
1.311000000000000000e+03
1.560000000000000000e+02
3.903000000000000000e+03
1.141000000000000000e+03
4.988000000000000000e+03
1.792000000000000000e+03
1.888000000000000000e+03
1.712000000000000000e+03
7.580000000000000000e+02
3.320000000000000000e+02
1.555300000000000000e+04
2.959000000000000000e+03
2.157000000000000000e+03
3.606000000000000000e+03
1.405000000000000000e+03
1.949000000000000000e+03
3.369000000000000000e+03
2.489000000000000000e+03
5.063000000000000000e+03
5.160000000000000000e+03
7.920000000000000000e+02
5.201000000000000000e+03
1.419000000000000000e+04
3.754600000000000000e+04
4.200000000000000000e+01
7.240000000000000000e+02
3.900000000000000000e+01
4.850000000000000000e+02
6.210000000000000000e+02
1.380300000000000000e+04
5.820000000000000000e+02
3.180000000000000000e+02
9.412000000000000000e+03
9.356000000000000000e+03
3.200000000000000000e+01
6.400000000000000000e+01
4.700000000000000000e+01
5.400000000000000000e+01
5.100000000000000000e+01
1.460000000000000000e+02
1.695000000000000000e+03
2.243600000000000000e+04
1.800000000000000000e+02
2.800000000000000000e+01
4.050000000000000000e+02
5.445000000000000000e+03
6.202000000000000000e+03
3.614000000000000000e+03
4.741000000000000000e+03
4.458000000000000000e+03
4.980000000000000000e+02
2.925000000000000000e+03
6.500000000000000000e+01
4.800000000000000000e+01
6.343000000000000000e+03
7.436000000000000000e+03
4.210500000000000000e+04
8.737000000000000000e+03
5.208000000000000000e+03
8.976000000000000000e+03
5.203000000000000000e+03
6.355000000000000000e+03
5.598000000000000000e+03
6.298000000000000000e+03
6.794000000000000000e+03
6.677000000000000000e+03
1.710100000000000000e+04
2.792100000000000000e+04
4.648500000000000000e+04
4.660500000000000000e+04
4.600000000000000000e+01
3.606000000000000000e+03
1.273600000000000000e+04
1.184300000000000000e+04
6.445000000000000000e+03
2.123000000000000000e+03
4.552000000000000000e+03
4.896000000000000000e+03
6.558000000000000000e+03
2.869000000000000000e+03
1.251600000000000000e+04
1.620100000000000000e+04
1.330000000000000000e+02
4.900000000000000000e+01
1.040000000000000000e+02
1.370000000000000000e+02
2.052700000000000000e+04
1.926100000000000000e+04
1.620000000000000000e+02
2.210000000000000000e+02
3.426600000000000000e+04
1.600000000000000000e+01
1.800000000000000000e+01
1.200000000000000000e+01
1.654800000000000000e+04
4.368100000000000000e+04
1.740300000000000000e+04
1.160000000000000000e+02
2.601600000000000000e+04
4.246200000000000000e+04
6.265000000000000000e+03
1.806900000000000000e+04
4.716400000000000000e+04
4.200000000000000000e+01
2.260000000000000000e+03
3.484000000000000000e+03
2.336000000000000000e+03
3.384000000000000000e+03
1.893000000000000000e+03
2.857000000000000000e+03
2.272000000000000000e+03
3.448000000000000000e+03
1.429000000000000000e+03
2.055000000000000000e+03
1.580000000000000000e+02
2.100000000000000000e+02
4.220000000000000000e+02
1.080000000000000000e+03
1.490000000000000000e+02
1.850000000000000000e+02
2.373000000000000000e+03
3.519000000000000000e+03
2.745000000000000000e+03
1.479000000000000000e+03
3.604200000000000000e+04
1.960000000000000000e+03
2.299000000000000000e+03
3.429000000000000000e+03
2.315000000000000000e+03
3.533000000000000000e+03
2.620000000000000000e+03
4.970000000000000000e+02
6.333000000000000000e+03
8.400000000000000000e+01
1.680000000000000000e+03
2.505000000000000000e+03
1.590000000000000000e+02
4.758000000000000000e+03
1.413100000000000000e+04
2.999000000000000000e+03
2.613000000000000000e+03
2.153000000000000000e+03
7.887000000000000000e+03
3.196700000000000000e+04
2.140000000000000000e+03
1.905000000000000000e+03
7.624000000000000000e+03
1.150000000000000000e+02
1.680000000000000000e+02
1.137400000000000000e+04
4.082400000000000000e+04
7.190000000000000000e+02
3.810000000000000000e+02
1.870000000000000000e+02
6.380000000000000000e+02
8.250000000000000000e+02
1.075600000000000000e+04
8.069000000000000000e+03
6.618000000000000000e+03
6.436000000000000000e+03
5.248000000000000000e+03
6.928000000000000000e+03
2.490000000000000000e+02
3.491000000000000000e+03
7.420000000000000000e+02
9.651000000000000000e+03
7.266000000000000000e+03
7.132000000000000000e+03
1.430000000000000000e+02
4.356700000000000000e+04
1.446200000000000000e+04
7.308000000000000000e+03
1.770000000000000000e+02
1.212700000000000000e+04
1.249400000000000000e+04
2.703900000000000000e+04
9.546000000000000000e+03
2.088000000000000000e+03
2.273000000000000000e+03
2.720000000000000000e+02
6.300000000000000000e+01
1.850000000000000000e+02
4.400000000000000000e+01
9.800000000000000000e+01
5.700000000000000000e+01
5.800000000000000000e+01
2.670000000000000000e+02
1.150000000000000000e+02
2.525000000000000000e+03
1.125000000000000000e+03
2.478400000000000000e+04
1.240000000000000000e+02
4.340100000000000000e+04
3.012000000000000000e+03
2.700000000000000000e+02
1.304400000000000000e+04
9.072000000000000000e+03
1.790800000000000000e+04
3.450000000000000000e+02
1.470000000000000000e+02
8.828000000000000000e+03
2.894000000000000000e+03
1.906500000000000000e+04
1.770000000000000000e+02
6.000000000000000000e+01
1.130000000000000000e+02
1.850000000000000000e+02
1.590000000000000000e+02
3.095600000000000000e+04
4.500000000000000000e+01
2.470000000000000000e+02
1.030000000000000000e+02
6.400000000000000000e+01
3.700000000000000000e+01
6.300000000000000000e+01
1.610000000000000000e+02
2.492000000000000000e+03
2.737000000000000000e+03
5.100000000000000000e+01
1.440000000000000000e+04
2.210100000000000000e+04
1.040900000000000000e+04
3.205700000000000000e+04
1.385000000000000000e+03
3.257800000000000000e+04
7.800000000000000000e+01
2.900000000000000000e+01
4.232000000000000000e+03
3.953000000000000000e+03
4.459000000000000000e+03
3.936000000000000000e+03
4.925000000000000000e+03
5.602000000000000000e+03
3.288100000000000000e+04
2.419500000000000000e+04
3.749000000000000000e+03
1.961200000000000000e+04
2.932000000000000000e+03
2.967000000000000000e+03
1.211900000000000000e+04
1.186700000000000000e+04
1.260500000000000000e+04
7.900000000000000000e+01
6.680000000000000000e+02
3.000000000000000000e+01
4.700000000000000000e+01
3.070000000000000000e+02
2.701500000000000000e+04
7.100000000000000000e+01
1.690000000000000000e+02
5.400000000000000000e+01
1.100000000000000000e+02
1.665000000000000000e+03
1.780000000000000000e+02
4.900000000000000000e+01
2.800000000000000000e+01
4.100000000000000000e+01
8.710000000000000000e+02
2.662000000000000000e+03
1.483100000000000000e+04
1.901800000000000000e+04
3.200000000000000000e+01
3.798000000000000000e+03
3.544000000000000000e+03
5.114400000000000000e+04
6.400000000000000000e+01
5.900000000000000000e+01
6.602000000000000000e+03
5.897000000000000000e+03
1.055200000000000000e+04
1.002300000000000000e+04
2.768000000000000000e+03
2.724000000000000000e+03
1.773100000000000000e+04
6.233000000000000000e+03
2.071900000000000000e+04
9.200000000000000000e+01
2.909000000000000000e+03
2.460000000000000000e+02
3.600000000000000000e+01
1.260000000000000000e+02
3.801500000000000000e+04
8.100000000000000000e+01
9.300000000000000000e+01
2.400000000000000000e+01
1.130000000000000000e+02
1.300000000000000000e+01
5.600000000000000000e+01
3.300000000000000000e+01
4.100000000000000000e+01
7.600000000000000000e+01
7.531000000000000000e+03
1.500000000000000000e+02
1.130000000000000000e+02
1.520000000000000000e+02
1.070000000000000000e+02
5.500000000000000000e+01
7.200000000000000000e+01
2.350000000000000000e+04
6.500000000000000000e+01
5.570000000000000000e+02
9.900000000000000000e+01
1.540000000000000000e+02
6.600000000000000000e+01
2.663000000000000000e+03
5.200000000000000000e+03
6.175000000000000000e+03
2.546500000000000000e+04
3.180400000000000000e+04
4.500000000000000000e+01
1.300000000000000000e+01
5.500000000000000000e+01
4.551000000000000000e+03
9.317000000000000000e+03
3.114000000000000000e+03
2.989000000000000000e+03
6.800000000000000000e+01
2.734000000000000000e+03
1.370000000000000000e+02
8.038000000000000000e+03
1.700000000000000000e+02
9.820000000000000000e+02
9.840000000000000000e+02
1.070400000000000000e+04
1.161000000000000000e+03
2.859000000000000000e+03
3.883600000000000000e+04
1.310500000000000000e+04
3.234300000000000000e+04
1.900000000000000000e+01
4.300000000000000000e+01
1.800000000000000000e+01
8.400000000000000000e+01
2.149000000000000000e+03
7.923000000000000000e+03
1.070800000000000000e+04
5.008600000000000000e+04
1.512700000000000000e+04
2.796000000000000000e+04
9.935000000000000000e+03
1.294000000000000000e+03
2.057000000000000000e+03
6.291000000000000000e+03
2.670000000000000000e+02
8.419000000000000000e+03
1.598800000000000000e+04
3.040000000000000000e+02
1.898000000000000000e+03
2.254000000000000000e+03
1.864000000000000000e+03
5.766000000000000000e+03
1.029200000000000000e+04
2.040000000000000000e+02
2.918000000000000000e+03
3.600000000000000000e+01
8.600000000000000000e+01
6.100000000000000000e+01
8.300000000000000000e+01
8.400000000000000000e+01
4.700000000000000000e+01
2.288000000000000000e+03
7.610000000000000000e+02
9.930000000000000000e+02
3.790000000000000000e+02
4.380000000000000000e+02
5.273800000000000000e+04
8.487000000000000000e+03
7.301000000000000000e+03
2.557000000000000000e+03
1.566000000000000000e+03
3.650000000000000000e+03
8.740000000000000000e+02
1.403800000000000000e+04
1.480000000000000000e+02
8.200000000000000000e+01
9.500000000000000000e+01
3.900000000000000000e+01
9.700000000000000000e+01
9.200000000000000000e+01
7.600000000000000000e+01
5.600000000000000000e+01
6.400000000000000000e+01
3.100000000000000000e+01
3.500000000000000000e+01
8.300000000000000000e+01
1.930000000000000000e+02
1.700000000000000000e+02
1.743000000000000000e+04
9.100000000000000000e+01
7.600000000000000000e+01
1.592000000000000000e+03
1.304000000000000000e+03
8.174000000000000000e+03
3.020000000000000000e+02
1.350000000000000000e+02
5.100000000000000000e+01
2.290000000000000000e+02
2.030000000000000000e+02
3.240000000000000000e+02
6.339000000000000000e+03
2.092900000000000000e+04
1.721600000000000000e+04
1.230000000000000000e+02
1.824900000000000000e+04
1.390000000000000000e+02
5.000000000000000000e+02
9.530000000000000000e+02
5.600000000000000000e+01
1.400000000000000000e+01
1.870000000000000000e+02
1.810000000000000000e+02
6.400000000000000000e+01
6.400000000000000000e+01
1.220000000000000000e+02
9.887000000000000000e+03
3.170000000000000000e+02
3.700000000000000000e+01
5.500000000000000000e+01
4.600000000000000000e+01
5.500000000000000000e+01
2.516000000000000000e+03
1.318000000000000000e+03
5.300000000000000000e+01
1.390000000000000000e+02
4.100000000000000000e+01
5.000000000000000000e+01
3.500000000000000000e+01
8.000000000000000000e+00
4.300000000000000000e+01
5.900000000000000000e+01
3.313000000000000000e+03
1.227000000000000000e+03
5.069000000000000000e+03
2.112700000000000000e+04
1.660400000000000000e+04
2.816000000000000000e+03
2.726000000000000000e+03
1.320000000000000000e+02
6.580000000000000000e+02
2.924600000000000000e+04
6.000000000000000000e+01
1.098100000000000000e+04
9.400000000000000000e+01
3.486100000000000000e+04
4.850000000000000000e+02
2.522500000000000000e+04
3.500000000000000000e+01
5.417000000000000000e+03
1.191900000000000000e+04
2.510000000000000000e+02
6.995000000000000000e+03
2.187000000000000000e+04
1.054100000000000000e+04
1.086000000000000000e+04
2.051000000000000000e+03
1.940000000000000000e+02
5.500000000000000000e+01
6.200000000000000000e+01
2.860000000000000000e+02
7.310000000000000000e+02
4.300000000000000000e+01
9.002000000000000000e+03
8.700000000000000000e+02
7.970000000000000000e+02
2.390000000000000000e+02
2.651800000000000000e+04
4.800000000000000000e+01
3.000000000000000000e+01
2.260000000000000000e+02
9.300000000000000000e+01
5.600000000000000000e+01
3.200000000000000000e+01
6.100000000000000000e+01
5.400000000000000000e+01
5.200000000000000000e+01
3.610900000000000000e+04
2.810000000000000000e+02
3.450000000000000000e+02
1.439700000000000000e+04
1.439700000000000000e+04
2.500000000000000000e+01
1.380000000000000000e+02
1.820000000000000000e+02
8.100000000000000000e+01
3.900000000000000000e+01
4.700000000000000000e+01
1.592200000000000000e+04
1.380000000000000000e+02
1.800000000000000000e+02
6.200000000000000000e+01
2.420000000000000000e+02
7.530000000000000000e+02
2.070000000000000000e+02
1.501000000000000000e+03
1.295100000000000000e+04
5.910000000000000000e+02
2.135600000000000000e+04
4.753400000000000000e+04
3.041600000000000000e+04
1.018900000000000000e+04
1.432700000000000000e+04
5.000000000000000000e+01
5.700000000000000000e+01
2.700000000000000000e+01
4.900000000000000000e+01
3.600000000000000000e+01
5.200000000000000000e+01
1.201000000000000000e+03
6.510000000000000000e+02
2.100000000000000000e+02
2.030000000000000000e+02
4.805000000000000000e+03
7.330000000000000000e+02
1.133000000000000000e+03
1.001000000000000000e+03
3.427900000000000000e+04
1.003900000000000000e+04
4.575000000000000000e+03
1.121600000000000000e+04
1.977400000000000000e+04
1.400000000000000000e+01
2.600000000000000000e+01
4.200000000000000000e+01
3.970000000000000000e+02
7.100000000000000000e+01
1.572800000000000000e+04
1.031200000000000000e+04
8.611000000000000000e+03
4.946000000000000000e+03
8.190000000000000000e+03
3.124000000000000000e+03
2.683800000000000000e+04
4.790000000000000000e+02
5.725000000000000000e+03
1.219000000000000000e+03
2.738000000000000000e+03
4.230000000000000000e+02
2.862000000000000000e+03
5.684000000000000000e+03
1.942000000000000000e+03
1.992000000000000000e+03
4.500000000000000000e+03
3.387000000000000000e+03
1.985000000000000000e+03
1.775000000000000000e+03
3.294000000000000000e+03
1.253000000000000000e+03
5.787000000000000000e+03
1.799900000000000000e+04
1.102000000000000000e+03
4.897800000000000000e+04
1.624300000000000000e+04
8.400000000000000000e+01
6.400000000000000000e+01
9.500000000000000000e+01
6.500000000000000000e+01
1.388000000000000000e+03
1.208000000000000000e+03
6.560000000000000000e+02
2.210000000000000000e+02
7.710000000000000000e+02
1.931000000000000000e+03
3.529000000000000000e+03
1.830000000000000000e+03
1.930000000000000000e+02
9.600000000000000000e+01
2.931000000000000000e+03
1.735000000000000000e+03
2.046000000000000000e+03
1.350000000000000000e+02
5.700000000000000000e+01
6.300000000000000000e+01
1.020000000000000000e+02
1.147000000000000000e+04
2.175800000000000000e+04
3.702000000000000000e+03
9.370000000000000000e+02
9.250000000000000000e+02
2.110000000000000000e+03
2.135000000000000000e+03
1.598000000000000000e+03
3.390000000000000000e+02
6.760000000000000000e+03
4.582000000000000000e+03
9.150000000000000000e+02
1.487500000000000000e+04
1.850000000000000000e+02
5.542000000000000000e+03
8.550000000000000000e+02
9.050000000000000000e+02
1.462100000000000000e+04
2.481000000000000000e+03
3.209000000000000000e+04
1.670700000000000000e+04
1.000600000000000000e+04
4.263000000000000000e+03
4.238000000000000000e+03
1.323400000000000000e+04
2.710000000000000000e+02
2.790700000000000000e+04
5.400000000000000000e+01
4.200000000000000000e+01
7.000000000000000000e+01
1.834400000000000000e+04
1.593000000000000000e+03
4.743000000000000000e+04
1.540000000000000000e+02
7.273000000000000000e+03
7.161000000000000000e+03
5.845000000000000000e+03
1.000000000000000000e+02
1.744000000000000000e+03
2.763000000000000000e+03
6.600000000000000000e+01
9.100000000000000000e+01
7.600000000000000000e+01
6.600000000000000000e+01
7.900000000000000000e+01
7.600000000000000000e+01
7.400000000000000000e+01
1.340000000000000000e+02
1.270000000000000000e+02
3.083000000000000000e+03
6.030000000000000000e+02
2.803000000000000000e+03
2.000000000000000000e+01
3.800000000000000000e+01
2.536100000000000000e+04
3.034500000000000000e+04
6.200000000000000000e+01
1.070000000000000000e+02
4.900000000000000000e+01
2.169700000000000000e+04
3.900000000000000000e+01
7.700000000000000000e+01
8.100000000000000000e+01
1.980000000000000000e+02
9.800000000000000000e+01
2.170000000000000000e+02
7.400000000000000000e+02
4.430900000000000000e+04
2.676000000000000000e+03
3.081800000000000000e+04
2.124900000000000000e+04
2.150000000000000000e+02
5.200000000000000000e+01
1.690000000000000000e+02
2.501900000000000000e+04
2.128700000000000000e+04
4.505300000000000000e+04
1.267500000000000000e+04
7.706000000000000000e+03
3.122000000000000000e+03
1.315900000000000000e+04
6.010000000000000000e+02
7.408000000000000000e+03
9.619000000000000000e+03
2.072600000000000000e+04
1.740000000000000000e+03
1.600000000000000000e+02
3.986000000000000000e+03
2.433000000000000000e+03
4.300000000000000000e+01
4.120000000000000000e+02
5.600000000000000000e+01
4.400000000000000000e+01
6.400000000000000000e+01
9.200000000000000000e+01
4.800000000000000000e+01
2.224000000000000000e+03
3.525000000000000000e+03
9.990000000000000000e+02
1.018000000000000000e+03
6.710000000000000000e+02
3.326000000000000000e+03
6.114000000000000000e+03
7.141000000000000000e+03
4.453000000000000000e+03
1.647300000000000000e+04
7.710000000000000000e+02
5.728000000000000000e+03
5.550000000000000000e+03
2.810000000000000000e+02
6.900000000000000000e+01
2.900000000000000000e+01
1.719000000000000000e+03
3.320000000000000000e+03
2.990000000000000000e+02
4.509000000000000000e+03
4.671000000000000000e+03
5.020000000000000000e+02
5.140000000000000000e+02
2.984000000000000000e+03
1.843000000000000000e+03
2.914000000000000000e+03
1.586000000000000000e+03
3.409400000000000000e+04
3.500000000000000000e+01
5.598200000000000000e+04
2.033000000000000000e+03
1.585000000000000000e+03
3.610000000000000000e+02
1.797000000000000000e+03
7.550000000000000000e+02
1.027000000000000000e+03
1.862000000000000000e+03
6.810000000000000000e+02
2.012000000000000000e+03
1.617000000000000000e+04
7.746000000000000000e+03
3.728300000000000000e+04
1.900000000000000000e+01
2.500000000000000000e+01
2.631000000000000000e+03
1.267400000000000000e+04
1.217000000000000000e+03
1.420000000000000000e+02
8.402000000000000000e+03
6.354000000000000000e+03
2.800000000000000000e+03
3.708000000000000000e+03
8.912000000000000000e+03
9.024000000000000000e+03
8.500000000000000000e+01
5.500000000000000000e+01
6.100000000000000000e+01
3.190000000000000000e+02
2.400000000000000000e+01
1.103000000000000000e+03
1.614000000000000000e+03
1.572000000000000000e+03
6.300000000000000000e+01
2.875000000000000000e+03
4.800000000000000000e+01
5.200000000000000000e+01
6.900000000000000000e+01
1.742200000000000000e+04
8.300000000000000000e+01
4.199000000000000000e+03
7.900000000000000000e+01
1.330000000000000000e+02
2.750000000000000000e+02
4.000000000000000000e+01
4.200000000000000000e+01
8.000000000000000000e+00
1.160000000000000000e+02
6.000000000000000000e+01
1.831800000000000000e+04
2.033500000000000000e+04
3.070000000000000000e+02
1.972700000000000000e+04
8.040000000000000000e+02
7.590000000000000000e+02
5.723200000000000000e+04
1.874000000000000000e+03
1.950000000000000000e+03
1.675500000000000000e+04
1.158200000000000000e+04
2.440700000000000000e+04
3.200000000000000000e+01
1.930000000000000000e+02
8.300000000000000000e+01
5.300000000000000000e+01
4.200000000000000000e+01
2.300000000000000000e+01
3.740000000000000000e+02
2.800000000000000000e+01
4.559900000000000000e+04
3.200000000000000000e+02
2.940000000000000000e+02
5.004000000000000000e+03
3.729000000000000000e+03
2.183000000000000000e+03
1.331000000000000000e+03
1.942000000000000000e+03
1.896000000000000000e+03
3.356400000000000000e+04
1.400000000000000000e+02
3.300000000000000000e+01
6.891000000000000000e+03
6.694000000000000000e+03
6.598000000000000000e+03
3.371600000000000000e+04
2.668700000000000000e+04
6.889000000000000000e+03
6.246000000000000000e+03
2.858000000000000000e+03
1.210400000000000000e+04
2.080000000000000000e+02
1.770000000000000000e+02
1.100000000000000000e+02
3.743500000000000000e+04
9.400000000000000000e+01
3.600000000000000000e+01
2.600000000000000000e+01
2.447700000000000000e+04
3.800000000000000000e+01
1.057000000000000000e+03
9.930000000000000000e+02
5.635100000000000000e+04
2.473000000000000000e+03
3.400000000000000000e+03
3.451000000000000000e+03
7.900000000000000000e+01
5.970000000000000000e+02
1.670000000000000000e+04
1.658000000000000000e+03
7.310000000000000000e+02
8.680000000000000000e+02
6.040000000000000000e+02
3.156800000000000000e+04
3.100000000000000000e+01
8.200000000000000000e+01
1.700000000000000000e+01
1.000000000000000000e+01
3.000000000000000000e+01
2.810000000000000000e+02
2.206700000000000000e+04
1.060000000000000000e+02
6.565000000000000000e+03
1.090000000000000000e+02
2.120000000000000000e+02
5.300000000000000000e+01
2.200000000000000000e+01
1.050000000000000000e+02
1.292600000000000000e+04
1.393300000000000000e+04
1.020000000000000000e+02
1.420000000000000000e+02
6.796000000000000000e+03
9.959000000000000000e+03
1.010000000000000000e+02
4.600000000000000000e+01
2.400000000000000000e+01
1.243000000000000000e+04
1.991800000000000000e+04
6.672000000000000000e+03
1.141200000000000000e+04
2.060000000000000000e+02
4.958600000000000000e+04
8.700000000000000000e+02
1.583600000000000000e+04
7.300000000000000000e+01
8.890000000000000000e+02
1.562000000000000000e+03
3.040000000000000000e+03
2.306000000000000000e+03
1.411000000000000000e+03
1.091100000000000000e+04
1.877200000000000000e+04
3.545000000000000000e+03
6.030000000000000000e+03
3.591000000000000000e+03
7.100000000000000000e+03
7.419000000000000000e+03
1.657100000000000000e+04
1.408900000000000000e+04
1.630000000000000000e+02
7.800000000000000000e+01
1.500000000000000000e+02
2.200000000000000000e+01
4.600000000000000000e+01
6.400000000000000000e+01
8.300000000000000000e+01
2.612000000000000000e+03
3.263000000000000000e+03
4.296000000000000000e+03
7.015000000000000000e+03
1.024600000000000000e+04
6.210000000000000000e+02
3.230000000000000000e+02
3.316900000000000000e+04
2.800000000000000000e+01
2.039000000000000000e+03
2.390000000000000000e+02
1.720000000000000000e+02
1.550000000000000000e+02
2.020000000000000000e+02
1.410000000000000000e+02
1.260000000000000000e+02
1.298000000000000000e+03
1.501000000000000000e+03
2.449000000000000000e+04
1.410000000000000000e+02
1.615200000000000000e+04
5.300000000000000000e+01
8.950000000000000000e+02
4.940000000000000000e+02
3.688300000000000000e+04
2.200000000000000000e+01
3.500000000000000000e+01
7.200000000000000000e+01
2.900000000000000000e+01
8.700000000000000000e+01
1.600000000000000000e+01
6.700000000000000000e+01
1.145100000000000000e+04
8.500000000000000000e+01
3.800000000000000000e+01
2.286200000000000000e+04
3.257000000000000000e+03
2.334800000000000000e+04
8.500000000000000000e+03
1.926500000000000000e+04
6.616000000000000000e+03
5.075000000000000000e+03
7.227000000000000000e+03
2.237900000000000000e+04
2.210000000000000000e+02
7.100000000000000000e+01
9.500000000000000000e+01
1.869600000000000000e+04
1.726300000000000000e+04
4.253700000000000000e+04
9.599000000000000000e+03
9.460000000000000000e+03
3.910600000000000000e+04
2.600000000000000000e+01
2.400000000000000000e+01
1.600000000000000000e+01
1.800000000000000000e+01
6.800000000000000000e+01
6.100000000000000000e+01
1.300000000000000000e+01
1.030000000000000000e+02
3.900000000000000000e+01
1.401300000000000000e+04
1.506000000000000000e+03
1.590700000000000000e+04
5.860000000000000000e+02
1.495000000000000000e+03
1.840000000000000000e+02
1.830000000000000000e+02
2.830000000000000000e+02
5.010000000000000000e+02
3.140000000000000000e+02
2.430000000000000000e+02
4.400000000000000000e+01
6.000000000000000000e+01
7.060000000000000000e+02
4.653400000000000000e+04
4.300000000000000000e+02
7.300000000000000000e+01
1.126000000000000000e+04
7.220000000000000000e+02
7.283000000000000000e+03
5.337000000000000000e+03
1.363200000000000000e+04
6.446000000000000000e+04
1.077600000000000000e+04
6.338000000000000000e+03
5.307000000000000000e+03
4.203000000000000000e+03
4.700000000000000000e+01
2.360000000000000000e+03
2.278000000000000000e+03
2.390900000000000000e+04
5.000000000000000000e+01
1.120000000000000000e+02
4.700000000000000000e+02
2.600000000000000000e+01
4.400000000000000000e+01
3.500000000000000000e+01
6.800000000000000000e+01
1.240000000000000000e+02
1.634000000000000000e+04
1.725200000000000000e+04
7.640000000000000000e+02
1.530000000000000000e+02
2.900000000000000000e+01
1.662900000000000000e+04
6.141000000000000000e+03
6.989000000000000000e+03
3.443300000000000000e+04
1.220000000000000000e+02
6.700000000000000000e+01
6.600000000000000000e+01
1.060000000000000000e+02
1.010000000000000000e+02
1.005400000000000000e+04
1.865600000000000000e+04
1.057000000000000000e+03
1.875000000000000000e+03
9.404000000000000000e+03
3.083000000000000000e+03
2.270500000000000000e+04
1.046000000000000000e+03
5.700000000000000000e+02
3.900000000000000000e+01
6.900000000000000000e+01
3.084000000000000000e+04
4.530900000000000000e+04
2.900000000000000000e+04
1.060000000000000000e+02
1.280000000000000000e+02
2.190000000000000000e+02
3.810000000000000000e+02
1.440000000000000000e+02
3.070000000000000000e+02
1.410000000000000000e+02
2.515500000000000000e+04
5.074000000000000000e+03
3.100000000000000000e+01
2.191600000000000000e+04
1.372500000000000000e+04
6.561000000000000000e+03
2.026900000000000000e+04
6.072000000000000000e+03
9.190000000000000000e+02
1.759200000000000000e+04
6.600000000000000000e+01
6.853000000000000000e+03
6.909000000000000000e+03
1.371000000000000000e+03
1.965400000000000000e+04
8.370000000000000000e+03
8.840000000000000000e+02
1.225600000000000000e+04
2.646000000000000000e+03
1.906200000000000000e+04
2.600000000000000000e+01
7.700000000000000000e+01
1.230000000000000000e+02
2.765000000000000000e+03
1.457000000000000000e+03
2.117600000000000000e+04
1.374600000000000000e+04
5.583100000000000000e+04
2.423000000000000000e+03
5.210000000000000000e+02
4.810000000000000000e+02
1.600200000000000000e+04
1.275400000000000000e+04
7.022000000000000000e+03
2.600000000000000000e+01
9.600000000000000000e+01
2.413000000000000000e+03
1.516000000000000000e+03
8.750000000000000000e+02
3.523000000000000000e+03
1.410000000000000000e+02
2.880000000000000000e+02
5.863400000000000000e+04
5.100000000000000000e+01
2.460000000000000000e+03
8.021000000000000000e+03
1.608000000000000000e+03
5.285800000000000000e+04
4.523200000000000000e+04
3.500000000000000000e+01
1.250000000000000000e+02
5.300000000000000000e+01
7.000000000000000000e+00
2.900000000000000000e+01
1.744100000000000000e+04
5.243900000000000000e+04
1.741000000000000000e+03
2.347000000000000000e+03
1.844000000000000000e+03
6.100000000000000000e+02
5.530000000000000000e+02
9.683000000000000000e+03
7.133000000000000000e+03
1.446000000000000000e+04
1.100000000000000000e+02
3.800000000000000000e+01
1.520000000000000000e+02
3.600000000000000000e+01
1.260000000000000000e+02
4.940200000000000000e+04
2.600000000000000000e+01
4.000000000000000000e+01
5.000000000000000000e+01
2.450000000000000000e+02
1.420000000000000000e+02
4.500000000000000000e+01
1.780000000000000000e+02
5.800000000000000000e+01
1.460000000000000000e+02
5.700000000000000000e+01
6.400000000000000000e+01
9.800000000000000000e+01
5.100000000000000000e+01
1.843000000000000000e+03
7.530000000000000000e+02
7.780000000000000000e+02
6.100000000000000000e+01
4.100000000000000000e+01
1.979000000000000000e+03
3.100000000000000000e+01
2.478800000000000000e+04
7.959000000000000000e+03
6.204000000000000000e+03
6.314000000000000000e+03
5.800000000000000000e+01
5.500000000000000000e+01
4.800000000000000000e+01
1.640000000000000000e+02
4.600000000000000000e+01
4.100000000000000000e+01
8.000000000000000000e+01
1.441300000000000000e+04
1.302900000000000000e+04
6.446100000000000000e+04
2.197800000000000000e+04
1.394000000000000000e+03
1.180000000000000000e+02
6.100000000000000000e+01
3.900000000000000000e+01
1.130000000000000000e+02
7.200000000000000000e+01
2.772000000000000000e+04
4.927000000000000000e+03
1.053700000000000000e+04
8.915000000000000000e+03
1.302000000000000000e+04
1.677000000000000000e+03
2.697000000000000000e+03
1.193100000000000000e+04
1.084100000000000000e+04
9.539000000000000000e+03
1.042000000000000000e+04
8.791000000000000000e+03
1.011000000000000000e+04
1.174800000000000000e+04
9.998000000000000000e+03
1.009300000000000000e+04
1.937400000000000000e+04
1.049800000000000000e+04
1.265100000000000000e+04
1.055600000000000000e+04
1.357100000000000000e+04
2.520000000000000000e+02
1.050100000000000000e+04
1.139700000000000000e+04
1.010100000000000000e+04
1.114500000000000000e+04
7.689000000000000000e+03
1.910400000000000000e+04
1.038900000000000000e+04
1.361000000000000000e+04
1.000400000000000000e+04
1.313300000000000000e+04
1.039400000000000000e+04
1.252500000000000000e+04
1.547900000000000000e+04
6.200000000000000000e+01
1.743300000000000000e+04
2.150000000000000000e+02
2.105800000000000000e+04
1.395000000000000000e+04
5.718000000000000000e+03
1.717000000000000000e+03
1.806800000000000000e+04
1.600000000000000000e+02
9.474000000000000000e+03
1.032200000000000000e+04
9.707000000000000000e+03
1.928900000000000000e+04
1.077300000000000000e+04
1.116000000000000000e+04
1.198100000000000000e+04
1.265600000000000000e+04
9.454000000000000000e+03
1.110600000000000000e+04
1.056300000000000000e+04
5.491200000000000000e+04
1.979600000000000000e+04
1.935600000000000000e+04
1.347900000000000000e+04
1.055100000000000000e+04
4.257000000000000000e+03
2.435000000000000000e+03
3.242000000000000000e+04
1.190000000000000000e+02
8.400000000000000000e+01
5.800000000000000000e+01
8.500000000000000000e+01
7.000000000000000000e+01
3.100000000000000000e+01
3.800000000000000000e+01
4.500000000000000000e+01
8.700000000000000000e+01
4.269800000000000000e+04
4.253000000000000000e+04
1.470000000000000000e+04
2.193700000000000000e+04
1.742000000000000000e+04
3.690800000000000000e+04
5.221500000000000000e+04
2.208000000000000000e+03
1.968000000000000000e+03
1.066500000000000000e+04
6.300000000000000000e+01
8.000000000000000000e+01
7.386000000000000000e+03
4.432000000000000000e+04
1.765400000000000000e+04
1.507200000000000000e+04
8.230000000000000000e+02
1.003400000000000000e+04
9.406000000000000000e+03
8.995000000000000000e+03
6.862000000000000000e+03
1.550000000000000000e+02
3.875900000000000000e+04
2.147400000000000000e+04
2.850000000000000000e+02
3.553100000000000000e+04
2.641700000000000000e+04
2.650000000000000000e+02
1.893900000000000000e+04
3.458100000000000000e+04
3.200000000000000000e+01
5.370000000000000000e+03
1.035200000000000000e+04
5.300000000000000000e+01
4.400000000000000000e+01
6.400000000000000000e+01
7.100000000000000000e+01
5.500000000000000000e+01
4.900000000000000000e+01
5.500000000000000000e+01
4.600000000000000000e+01
2.900000000000000000e+01
6.300000000000000000e+01
4.200000000000000000e+01
5.520000000000000000e+02
5.830000000000000000e+02
1.379000000000000000e+03
3.250000000000000000e+02
1.717700000000000000e+04
3.363000000000000000e+03
2.639000000000000000e+03
7.640000000000000000e+02
2.028000000000000000e+03
1.634000000000000000e+03
1.324000000000000000e+03
3.124000000000000000e+03
1.521000000000000000e+03
2.437000000000000000e+03
1.952000000000000000e+03
7.620000000000000000e+02
1.960000000000000000e+02
2.760000000000000000e+02
4.391000000000000000e+03
9.132000000000000000e+03
1.613000000000000000e+03
3.644000000000000000e+03
1.797000000000000000e+03
6.500000000000000000e+02
1.728500000000000000e+04
1.345000000000000000e+03
7.560000000000000000e+02
7.300000000000000000e+02
1.915500000000000000e+04
9.516000000000000000e+03
2.013500000000000000e+04
3.900000000000000000e+01
3.650000000000000000e+02
6.800000000000000000e+01
6.800000000000000000e+02
1.448100000000000000e+04
1.597700000000000000e+04
7.214000000000000000e+03
2.363200000000000000e+04
1.511800000000000000e+04
1.110000000000000000e+02
1.652200000000000000e+04
9.246000000000000000e+03
8.900000000000000000e+01
7.000000000000000000e+01
4.070700000000000000e+04
1.100000000000000000e+01
1.653000000000000000e+04
2.402000000000000000e+04
1.056700000000000000e+04
4.157000000000000000e+03
1.330800000000000000e+04
3.922900000000000000e+04
6.900000000000000000e+01
2.500000000000000000e+01
1.100000000000000000e+01
5.434700000000000000e+04
9.160000000000000000e+03
1.875300000000000000e+04
5.552600000000000000e+04
2.690000000000000000e+03
1.267500000000000000e+04
8.155000000000000000e+03
1.031300000000000000e+04
9.300000000000000000e+01
6.100000000000000000e+01
2.410000000000000000e+02
1.006000000000000000e+03
3.908000000000000000e+03
1.320000000000000000e+02
2.726800000000000000e+04
2.040500000000000000e+04
1.367000000000000000e+03
8.450000000000000000e+02
5.800000000000000000e+01
2.800000000000000000e+01
4.600000000000000000e+01
8.400000000000000000e+01
4.103800000000000000e+04
1.083800000000000000e+04
2.570000000000000000e+02
1.945100000000000000e+04
9.454000000000000000e+03
1.790000000000000000e+02
4.900000000000000000e+01
2.100000000000000000e+01
1.650000000000000000e+02
1.660000000000000000e+02
1.293500000000000000e+04
1.462900000000000000e+04
2.900000000000000000e+01
3.300000000000000000e+01
4.700000000000000000e+01
1.000000000000000000e+02
1.139700000000000000e+04
1.422600000000000000e+04
7.000000000000000000e+01
6.293000000000000000e+03
4.610000000000000000e+02
3.782000000000000000e+03
1.866400000000000000e+04
2.734100000000000000e+04
1.000000000000000000e+02
4.000000000000000000e+01
1.226000000000000000e+04
1.260000000000000000e+02
2.700000000000000000e+01
9.665000000000000000e+03
3.350000000000000000e+02
3.480000000000000000e+02
2.009000000000000000e+04
9.497000000000000000e+03
8.007000000000000000e+03
3.220000000000000000e+02
1.398000000000000000e+03
1.646000000000000000e+03
1.624800000000000000e+04
4.500000000000000000e+01
4.550000000000000000e+02
4.047000000000000000e+04
8.300000000000000000e+01
5.238000000000000000e+03
4.615000000000000000e+03
2.820300000000000000e+04
2.786100000000000000e+04
1.580000000000000000e+02
4.200000000000000000e+01
8.200000000000000000e+01
5.900000000000000000e+01
2.040000000000000000e+02
1.300000000000000000e+02
1.260000000000000000e+02
5.678500000000000000e+04
1.171500000000000000e+04
2.277600000000000000e+04
4.000000000000000000e+01
1.144500000000000000e+04
1.257800000000000000e+04
1.162100000000000000e+04
5.500000000000000000e+01
8.264000000000000000e+03
1.006400000000000000e+04
1.074200000000000000e+04
3.400000000000000000e+02
3.280000000000000000e+02
3.760000000000000000e+02
1.078200000000000000e+04
1.536300000000000000e+04
1.330000000000000000e+02
2.123000000000000000e+03
1.341000000000000000e+03
2.408000000000000000e+03
2.883000000000000000e+03
2.764000000000000000e+03
8.600000000000000000e+01
1.059500000000000000e+04
1.847000000000000000e+03
2.211100000000000000e+04
4.671000000000000000e+03
1.104200000000000000e+04
7.356000000000000000e+03
1.381600000000000000e+04
1.109000000000000000e+04
2.009600000000000000e+04
1.748000000000000000e+03
8.010000000000000000e+02
3.850000000000000000e+03
1.707000000000000000e+03
5.621000000000000000e+03
1.207000000000000000e+03
4.820000000000000000e+02
5.510000000000000000e+02
1.710000000000000000e+02
6.245000000000000000e+03
2.126000000000000000e+03
7.429000000000000000e+03
1.475000000000000000e+03
7.430000000000000000e+02
4.710000000000000000e+02
1.530000000000000000e+02
3.799000000000000000e+03
6.560000000000000000e+02
5.600000000000000000e+01
9.505000000000000000e+03
1.470900000000000000e+04
2.506300000000000000e+04
2.052000000000000000e+04
1.500000000000000000e+01
3.400000000000000000e+01
2.090000000000000000e+02
9.200000000000000000e+01
1.060000000000000000e+02
7.600000000000000000e+01
1.310000000000000000e+02
6.100000000000000000e+01
2.000000000000000000e+02
1.805200000000000000e+04
1.181200000000000000e+04
2.530000000000000000e+02
1.853800000000000000e+04
3.019300000000000000e+04
1.306200000000000000e+04
3.000000000000000000e+01
4.210000000000000000e+02
2.277000000000000000e+03
2.253300000000000000e+04
1.580000000000000000e+02
2.725300000000000000e+04
2.090000000000000000e+02
4.744000000000000000e+03
1.800000000000000000e+02
1.039000000000000000e+03
5.537000000000000000e+03
1.830000000000000000e+04
2.089500000000000000e+04
9.819000000000000000e+03
7.124000000000000000e+03
3.600000000000000000e+01
2.038600000000000000e+04
7.468000000000000000e+03
1.746800000000000000e+04
2.643700000000000000e+04
1.699500000000000000e+04
1.459500000000000000e+04
2.690000000000000000e+02
9.075000000000000000e+03
1.303000000000000000e+03
3.952000000000000000e+04
8.250000000000000000e+02
4.091000000000000000e+03
2.300000000000000000e+03
5.140000000000000000e+02
7.800000000000000000e+01
7.100000000000000000e+01
3.200000000000000000e+01
1.120000000000000000e+02
1.050000000000000000e+02
2.410000000000000000e+02
8.500000000000000000e+01
4.110000000000000000e+02
2.030000000000000000e+02
4.900000000000000000e+02
3.363000000000000000e+03
6.940000000000000000e+02
1.039000000000000000e+03
1.460300000000000000e+04
2.133800000000000000e+04
2.810000000000000000e+03
2.773000000000000000e+03
3.300000000000000000e+01
4.800000000000000000e+01
3.527000000000000000e+03
3.019000000000000000e+03
6.684000000000000000e+03
5.870000000000000000e+03
5.080000000000000000e+02
1.783000000000000000e+03
4.155000000000000000e+03
4.963000000000000000e+03
3.237000000000000000e+03
4.451000000000000000e+03
7.688000000000000000e+03
7.172000000000000000e+03
7.156000000000000000e+03
2.441000000000000000e+03
2.369000000000000000e+03
4.782000000000000000e+03
5.760000000000000000e+02
7.350000000000000000e+02
3.040000000000000000e+03
1.342500000000000000e+04
2.130000000000000000e+02
2.385900000000000000e+04
1.210000000000000000e+02
1.310300000000000000e+04
1.477200000000000000e+04
6.300000000000000000e+01
1.175400000000000000e+04
1.428300000000000000e+04
2.387000000000000000e+03
2.210000000000000000e+03
1.180600000000000000e+04
1.732200000000000000e+04
1.282000000000000000e+04
1.143300000000000000e+04
3.283000000000000000e+03
1.948000000000000000e+03
5.800000000000000000e+01
8.471000000000000000e+03
2.701000000000000000e+03
1.662000000000000000e+04
2.703000000000000000e+03
3.336000000000000000e+03
5.096000000000000000e+03
5.418000000000000000e+03
2.548000000000000000e+03
5.623000000000000000e+03
5.748000000000000000e+03
5.079000000000000000e+03
6.035000000000000000e+03
1.690000000000000000e+02
0.000000000000000000e+00
1.650000000000000000e+02
1.310000000000000000e+02
2.220000000000000000e+02
3.669000000000000000e+03
3.671000000000000000e+03
5.826000000000000000e+03
1.684000000000000000e+03
4.040000000000000000e+02
4.171000000000000000e+03
7.204000000000000000e+03
1.140000000000000000e+02
8.300000000000000000e+01
3.197000000000000000e+03
3.129000000000000000e+03
4.159000000000000000e+03
2.629000000000000000e+03
2.525000000000000000e+03
6.754000000000000000e+03
7.032000000000000000e+03
9.304000000000000000e+03
1.403200000000000000e+04
6.923000000000000000e+03
6.980000000000000000e+02
4.940000000000000000e+02
4.990000000000000000e+02
6.912000000000000000e+03
1.913000000000000000e+03
1.981000000000000000e+03
9.620000000000000000e+02
3.677000000000000000e+03
3.088000000000000000e+03
5.092000000000000000e+03
1.907000000000000000e+03
3.087000000000000000e+03
1.246000000000000000e+03
1.543000000000000000e+03
2.760000000000000000e+02
8.300000000000000000e+01
1.470000000000000000e+02
2.040000000000000000e+02
2.649000000000000000e+03
1.013000000000000000e+03
3.425000000000000000e+03
9.900000000000000000e+01
2.000000000000000000e+02
1.061100000000000000e+04
2.261000000000000000e+03
2.197000000000000000e+03
1.557200000000000000e+04
2.791000000000000000e+03
5.332000000000000000e+03
7.686000000000000000e+03
1.363000000000000000e+03
1.008000000000000000e+03
1.786000000000000000e+03
2.105000000000000000e+03
1.778100000000000000e+04
1.060000000000000000e+02
5.400000000000000000e+01
1.356700000000000000e+04
1.749000000000000000e+03
1.432000000000000000e+03
2.302000000000000000e+03
2.528000000000000000e+03
3.738000000000000000e+03
7.705000000000000000e+03
2.730000000000000000e+02
5.960000000000000000e+02
4.430000000000000000e+02
4.126000000000000000e+03
4.420000000000000000e+02
4.802000000000000000e+03
4.183000000000000000e+03
8.240000000000000000e+02
2.557000000000000000e+03
1.551000000000000000e+04
3.935700000000000000e+04
3.000000000000000000e+01
1.000000000000000000e+01
6.700000000000000000e+01
1.600000000000000000e+01
3.500000000000000000e+01
1.572200000000000000e+04
1.176500000000000000e+04
1.792000000000000000e+03
9.053000000000000000e+03
6.383000000000000000e+03
9.970000000000000000e+03
7.623000000000000000e+03
1.012000000000000000e+04
1.121900000000000000e+04
2.190000000000000000e+02
4.700000000000000000e+01
6.730000000000000000e+02
9.450000000000000000e+02
2.563000000000000000e+03
5.979000000000000000e+03
4.890000000000000000e+02
1.219000000000000000e+03
7.940000000000000000e+02
2.330000000000000000e+02
4.660000000000000000e+02
7.020000000000000000e+02
7.335000000000000000e+03
2.617000000000000000e+03
1.253000000000000000e+03
2.706000000000000000e+03
2.610000000000000000e+02
1.710000000000000000e+02
2.411000000000000000e+03
1.194900000000000000e+04
1.352600000000000000e+04
4.063000000000000000e+03
1.284900000000000000e+04
1.533200000000000000e+04
1.417000000000000000e+04
1.590200000000000000e+04
1.411900000000000000e+04
5.220000000000000000e+02
3.177000000000000000e+03
5.399000000000000000e+03
2.660000000000000000e+02
8.582000000000000000e+03
9.658000000000000000e+03
3.053000000000000000e+03
3.563600000000000000e+04
2.900000000000000000e+01
6.320000000000000000e+03
4.690000000000000000e+03
5.007100000000000000e+04
1.493000000000000000e+03
1.013300000000000000e+04
2.865000000000000000e+03
2.157000000000000000e+03
1.438200000000000000e+04
1.840000000000000000e+02
5.200000000000000000e+01
2.290000000000000000e+02
2.220000000000000000e+02
1.370000000000000000e+02
4.500000000000000000e+01
3.340000000000000000e+02
8.500000000000000000e+01
1.490000000000000000e+02
3.006000000000000000e+03
2.659000000000000000e+03
4.200000000000000000e+01
6.400000000000000000e+01
5.000000000000000000e+01
4.700000000000000000e+01
9.390000000000000000e+03
3.791000000000000000e+03
3.865000000000000000e+03
8.095000000000000000e+03
3.360000000000000000e+02
2.762000000000000000e+03
2.776000000000000000e+03
9.516000000000000000e+03
1.209200000000000000e+04
8.751000000000000000e+03
3.380000000000000000e+03
1.265700000000000000e+04
1.110000000000000000e+02
7.400000000000000000e+01
1.294000000000000000e+03
1.668000000000000000e+03
1.730000000000000000e+02
1.024300000000000000e+04
6.707000000000000000e+03
8.517000000000000000e+03
4.840000000000000000e+02
9.900000000000000000e+01
4.140000000000000000e+03
3.975000000000000000e+03
2.063000000000000000e+03
8.840000000000000000e+02
3.890000000000000000e+02
5.500000000000000000e+01
5.200000000000000000e+01
5.400000000000000000e+01
6.500000000000000000e+01
4.700000000000000000e+01
3.800000000000000000e+01
1.919300000000000000e+04
1.445000000000000000e+03
3.850000000000000000e+02
2.958000000000000000e+03
5.770000000000000000e+02
2.041000000000000000e+03
1.429000000000000000e+03
3.270000000000000000e+02
2.310000000000000000e+02
3.810000000000000000e+02
3.650000000000000000e+02
2.170000000000000000e+03
3.300000000000000000e+01
3.370000000000000000e+02
5.900000000000000000e+01
6.000000000000000000e+01
1.640000000000000000e+02
2.040000000000000000e+02
4.640000000000000000e+02
4.350000000000000000e+02
1.230000000000000000e+02
5.550000000000000000e+02
9.930000000000000000e+02
1.990500000000000000e+04
3.200000000000000000e+01
3.840000000000000000e+02
1.022000000000000000e+03
9.162000000000000000e+03
8.603000000000000000e+03
7.740000000000000000e+02
3.690000000000000000e+02
1.221000000000000000e+03
2.349000000000000000e+03
7.740000000000000000e+02
8.600000000000000000e+01
1.366000000000000000e+03
1.150000000000000000e+02
2.210000000000000000e+02
3.810000000000000000e+02
1.596600000000000000e+04
1.609800000000000000e+04
4.300000000000000000e+01
5.023000000000000000e+03
2.479000000000000000e+03
3.050000000000000000e+02
1.133300000000000000e+04
3.000000000000000000e+01
2.020000000000000000e+02
3.371000000000000000e+03
3.237000000000000000e+03
4.900000000000000000e+01
5.632000000000000000e+03
8.670000000000000000e+02
6.664000000000000000e+03
8.466000000000000000e+03
9.680000000000000000e+02
1.720500000000000000e+04
7.774000000000000000e+03
3.670000000000000000e+02
1.029500000000000000e+04
8.400000000000000000e+01
6.000000000000000000e+00
4.700000000000000000e+01
2.700000000000000000e+01
6.300000000000000000e+01
8.680000000000000000e+03
5.880000000000000000e+02
5.070000000000000000e+02
4.500000000000000000e+02
8.680000000000000000e+02
4.590000000000000000e+02
1.490000000000000000e+02
3.780000000000000000e+02
2.260000000000000000e+02
2.800000000000000000e+02
3.500000000000000000e+01
5.600000000000000000e+01
1.229000000000000000e+03
1.259000000000000000e+03
1.180000000000000000e+03
2.830000000000000000e+02
1.740000000000000000e+03
1.683000000000000000e+03
1.199000000000000000e+03
1.088000000000000000e+03
2.091000000000000000e+03
7.288000000000000000e+03
3.650000000000000000e+02
1.325000000000000000e+03
4.249000000000000000e+03
3.353000000000000000e+03
5.158000000000000000e+03
9.900000000000000000e+01
1.699000000000000000e+03
8.200000000000000000e+01
9.336000000000000000e+03
1.100100000000000000e+04
1.042200000000000000e+04
1.246400000000000000e+04
1.432000000000000000e+03
5.830000000000000000e+02
1.150000000000000000e+02
8.651000000000000000e+03
1.170000000000000000e+02
9.995000000000000000e+03
9.968000000000000000e+03
2.532000000000000000e+03
4.470000000000000000e+03
5.651000000000000000e+03
5.317000000000000000e+03
9.192000000000000000e+03
1.376600000000000000e+04
1.550000000000000000e+02
2.473700000000000000e+04
9.970000000000000000e+02
2.484000000000000000e+03
9.640000000000000000e+02
1.880000000000000000e+02
1.290600000000000000e+04
2.792000000000000000e+03
1.117000000000000000e+03
1.637000000000000000e+03
1.251500000000000000e+04
1.591000000000000000e+03
1.193000000000000000e+03
4.269000000000000000e+03
1.313900000000000000e+04
8.730000000000000000e+02
8.690000000000000000e+02
4.366000000000000000e+03
4.500000000000000000e+01
1.856900000000000000e+04
2.872600000000000000e+04
7.160000000000000000e+02
1.887000000000000000e+03
1.216000000000000000e+03
4.050000000000000000e+02
7.680000000000000000e+02
2.092000000000000000e+03
1.907000000000000000e+03
1.568500000000000000e+04
1.349400000000000000e+04
1.533700000000000000e+04
2.383900000000000000e+04
1.750000000000000000e+02
1.332000000000000000e+03
1.759000000000000000e+03
2.927000000000000000e+03
9.428000000000000000e+03
1.239200000000000000e+04
7.300000000000000000e+02
4.652000000000000000e+03
1.415400000000000000e+04
6.580000000000000000e+02
5.352000000000000000e+03
5.529000000000000000e+03
1.482600000000000000e+04
7.305000000000000000e+03
8.382000000000000000e+03
3.600000000000000000e+01
4.000000000000000000e+00
8.100000000000000000e+01
4.393000000000000000e+03
1.497000000000000000e+03
8.730000000000000000e+02
1.350000000000000000e+02
2.401600000000000000e+04
7.100000000000000000e+01
2.700000000000000000e+01
6.470000000000000000e+02
1.256600000000000000e+04
1.916000000000000000e+03
4.300000000000000000e+02
6.180000000000000000e+02
8.800000000000000000e+01
6.910000000000000000e+02
1.930000000000000000e+03
3.040000000000000000e+02
6.160000000000000000e+02
1.482100000000000000e+04
8.218000000000000000e+03
3.157000000000000000e+03
4.978000000000000000e+03
2.869000000000000000e+03
1.170700000000000000e+04
1.718100000000000000e+04
3.868000000000000000e+03
9.104000000000000000e+03
1.029900000000000000e+04
2.340000000000000000e+02
1.471000000000000000e+03
3.045000000000000000e+03
1.158000000000000000e+03
1.840000000000000000e+02
3.140000000000000000e+02
6.420000000000000000e+03
3.990000000000000000e+03
1.033000000000000000e+03
1.791000000000000000e+03
3.370000000000000000e+02
3.120000000000000000e+02
4.170000000000000000e+02
6.680000000000000000e+02
4.860000000000000000e+02
6.436000000000000000e+03
6.555000000000000000e+03
2.990000000000000000e+02
4.100000000000000000e+01
2.800000000000000000e+01
4.700000000000000000e+01
7.870000000000000000e+02
8.970000000000000000e+02
2.058000000000000000e+03
7.945000000000000000e+03
2.310000000000000000e+02
1.293800000000000000e+04
2.204000000000000000e+03
7.094000000000000000e+03
5.322000000000000000e+03
6.467000000000000000e+03
5.590000000000000000e+02
5.200000000000000000e+02
1.048500000000000000e+04
2.406000000000000000e+03
3.020000000000000000e+03
3.997000000000000000e+03
2.750000000000000000e+02
1.423000000000000000e+03
2.140000000000000000e+03
8.879000000000000000e+03
2.006000000000000000e+03
5.750000000000000000e+02
6.721000000000000000e+03
4.375700000000000000e+04
2.670000000000000000e+02
6.684000000000000000e+03
2.041000000000000000e+03
1.245000000000000000e+03
1.302800000000000000e+04
1.884100000000000000e+04
1.360000000000000000e+02
1.050000000000000000e+02
4.600000000000000000e+01
4.177000000000000000e+03
5.466000000000000000e+03
1.291300000000000000e+04
7.612000000000000000e+03
7.503000000000000000e+03
9.890000000000000000e+02
3.868000000000000000e+03
1.259000000000000000e+03
2.256000000000000000e+03
6.330000000000000000e+02
6.429000000000000000e+03
3.470000000000000000e+02
2.670000000000000000e+03
2.583800000000000000e+04
3.050000000000000000e+02
6.446500000000000000e+04
5.201000000000000000e+03
1.559600000000000000e+04
8.300000000000000000e+03
7.520000000000000000e+02
1.391100000000000000e+04
1.377000000000000000e+03
1.326000000000000000e+03
1.293000000000000000e+03
2.761000000000000000e+03
4.545000000000000000e+03
1.056000000000000000e+03
1.490000000000000000e+02
4.130000000000000000e+02
5.800000000000000000e+01
3.392000000000000000e+03
2.852000000000000000e+03
2.360000000000000000e+03
5.944000000000000000e+03
5.414000000000000000e+03
5.745000000000000000e+03
8.310000000000000000e+02
3.832500000000000000e+04
8.180000000000000000e+02
1.795000000000000000e+03
5.000000000000000000e+01
1.937000000000000000e+03
9.500000000000000000e+02
3.940000000000000000e+02
2.148500000000000000e+04
5.700000000000000000e+01
4.700000000000000000e+01
4.500000000000000000e+01
6.200000000000000000e+01
2.160000000000000000e+02
9.400000000000000000e+01
4.600000000000000000e+01
2.731000000000000000e+03
2.902000000000000000e+03
4.295000000000000000e+03
4.546000000000000000e+03
2.670000000000000000e+03
1.507000000000000000e+03
5.480000000000000000e+02
1.830000000000000000e+02
2.186000000000000000e+03
7.180000000000000000e+02
1.212000000000000000e+03
4.040000000000000000e+02
5.169000000000000000e+03
2.090000000000000000e+02
4.130000000000000000e+02
2.690000000000000000e+02
1.950000000000000000e+02
2.540000000000000000e+02
4.650000000000000000e+03
3.772000000000000000e+03
9.535000000000000000e+03
4.742000000000000000e+03
5.503000000000000000e+03
8.650000000000000000e+02
2.620000000000000000e+02
1.184200000000000000e+04
4.590000000000000000e+02
1.731000000000000000e+03
2.200000000000000000e+03
4.694000000000000000e+03
9.785000000000000000e+03
2.260000000000000000e+03
4.080000000000000000e+02
8.380000000000000000e+02
2.630000000000000000e+02
2.342000000000000000e+03
4.672000000000000000e+03
1.926700000000000000e+04
6.845000000000000000e+03
1.800000000000000000e+02
2.354000000000000000e+03
2.330000000000000000e+03
1.952000000000000000e+03
1.042000000000000000e+03
2.535000000000000000e+03
1.048000000000000000e+03
1.712000000000000000e+03
1.536000000000000000e+03
2.134000000000000000e+03
4.985000000000000000e+03
4.900000000000000000e+01
1.986000000000000000e+03
2.620000000000000000e+03
1.186000000000000000e+03
2.034800000000000000e+04
8.956000000000000000e+03
1.811000000000000000e+03
1.319300000000000000e+04
1.352800000000000000e+04
1.224800000000000000e+04
1.711000000000000000e+03
2.429000000000000000e+03
7.845000000000000000e+03
3.980000000000000000e+03
3.798000000000000000e+03
1.443100000000000000e+04
6.500000000000000000e+01
4.500000000000000000e+01
3.900000000000000000e+01
4.400000000000000000e+01
5.600000000000000000e+01
6.500000000000000000e+01
3.700000000000000000e+01
5.310000000000000000e+03
1.170000000000000000e+02
1.920000000000000000e+02
2.220000000000000000e+02
1.220000000000000000e+02
2.248000000000000000e+03
2.410000000000000000e+03
2.871900000000000000e+04
3.479000000000000000e+03
2.754000000000000000e+03
2.692000000000000000e+03
3.900000000000000000e+01
1.400000000000000000e+01
3.700000000000000000e+01
7.460000000000000000e+03
1.343000000000000000e+03
3.384000000000000000e+03
2.940000000000000000e+03
2.230000000000000000e+03
1.360000000000000000e+02
1.480000000000000000e+02
4.600000000000000000e+02
2.053000000000000000e+03
2.430000000000000000e+02
8.300000000000000000e+01
8.040000000000000000e+02
5.269000000000000000e+03
7.361000000000000000e+03
7.207000000000000000e+03
1.526700000000000000e+04
3.858000000000000000e+03
1.899800000000000000e+04
2.757000000000000000e+03
2.682000000000000000e+03
1.040000000000000000e+03
8.310000000000000000e+02
1.033600000000000000e+04
4.179000000000000000e+03
6.750000000000000000e+02
5.310000000000000000e+02
2.501000000000000000e+03
3.175000000000000000e+03
2.651000000000000000e+03
8.440000000000000000e+02
9.300000000000000000e+01
1.610000000000000000e+02
7.300000000000000000e+01
2.400000000000000000e+01
1.480000000000000000e+02
2.633000000000000000e+04
2.626000000000000000e+03
4.880000000000000000e+02
1.247000000000000000e+03
1.222000000000000000e+03
2.130000000000000000e+02
1.940000000000000000e+02
3.390000000000000000e+02
2.170000000000000000e+02
1.940000000000000000e+02
3.180000000000000000e+02
4.170000000000000000e+02
2.460000000000000000e+02
2.510000000000000000e+02
3.110000000000000000e+02
3.594000000000000000e+03
3.319000000000000000e+03
1.146000000000000000e+03
9.600000000000000000e+02
1.904000000000000000e+03
3.533000000000000000e+03
4.710000000000000000e+02
2.194000000000000000e+03
7.410000000000000000e+02
2.210000000000000000e+03
1.655000000000000000e+03
1.559100000000000000e+04
1.119600000000000000e+04
4.285000000000000000e+03
1.842000000000000000e+03
8.620000000000000000e+02
2.251000000000000000e+03
1.922000000000000000e+03
2.721000000000000000e+03
2.125000000000000000e+03
3.650000000000000000e+02
3.610000000000000000e+02
6.000000000000000000e+01
2.920000000000000000e+03
2.549000000000000000e+03
2.469000000000000000e+03
1.341800000000000000e+04
1.010000000000000000e+02
2.078000000000000000e+03
1.355600000000000000e+04
7.240000000000000000e+03
1.398100000000000000e+04
6.698000000000000000e+03
1.308000000000000000e+03
7.580000000000000000e+02
1.029000000000000000e+03
4.300000000000000000e+01
7.100000000000000000e+01
1.043000000000000000e+03
1.258000000000000000e+03
8.010000000000000000e+02
9.920000000000000000e+02
1.128000000000000000e+03
9.700000000000000000e+02
2.669000000000000000e+03
2.702000000000000000e+03
2.010000000000000000e+02
1.668000000000000000e+03
3.966000000000000000e+03
2.257000000000000000e+03
7.472000000000000000e+03
7.760000000000000000e+02
7.160000000000000000e+02
6.550000000000000000e+02
7.667000000000000000e+03
3.126000000000000000e+03
4.305000000000000000e+03
1.715000000000000000e+03
1.196000000000000000e+03
1.194000000000000000e+04
1.220000000000000000e+02
4.557900000000000000e+04
1.490700000000000000e+04
1.460000000000000000e+02
2.640000000000000000e+03
5.460000000000000000e+02
5.036000000000000000e+03
1.083000000000000000e+03
2.185000000000000000e+03
3.778000000000000000e+03
3.388600000000000000e+04
3.761400000000000000e+04
1.650000000000000000e+04
3.737000000000000000e+03
5.150000000000000000e+02
2.920000000000000000e+02
4.463000000000000000e+03
2.180000000000000000e+02
6.810000000000000000e+02
1.634100000000000000e+04
3.275200000000000000e+04
1.120000000000000000e+02
1.350000000000000000e+02
1.680000000000000000e+02
7.000000000000000000e+02
3.081000000000000000e+03
1.359000000000000000e+03
2.125900000000000000e+04
2.061000000000000000e+03
9.300000000000000000e+02
3.545000000000000000e+03
6.640000000000000000e+02
1.740000000000000000e+02
6.900000000000000000e+01
2.830000000000000000e+03
6.456000000000000000e+03
5.960000000000000000e+02
4.770000000000000000e+02
1.012500000000000000e+04
6.355000000000000000e+03
8.560000000000000000e+02
1.264800000000000000e+04
2.082000000000000000e+03
1.697000000000000000e+03
9.700000000000000000e+02
3.726000000000000000e+03
3.097000000000000000e+03
1.790000000000000000e+02
2.170000000000000000e+03
1.760000000000000000e+02
1.990000000000000000e+02
1.520000000000000000e+02
7.630000000000000000e+02
1.630700000000000000e+04
6.491000000000000000e+03
7.700000000000000000e+01
1.660000000000000000e+02
4.558000000000000000e+03
9.600000000000000000e+01
2.220000000000000000e+02
6.122000000000000000e+03
8.903000000000000000e+03
1.119000000000000000e+04
9.530000000000000000e+02
7.358000000000000000e+03
8.150000000000000000e+02
2.974700000000000000e+04
7.600000000000000000e+01
6.200000000000000000e+01
1.660000000000000000e+02
6.400000000000000000e+01
8.700000000000000000e+01
1.050000000000000000e+02
1.350000000000000000e+02
3.800000000000000000e+01
1.500000000000000000e+02
1.507200000000000000e+04
1.175700000000000000e+04
3.360000000000000000e+02
8.696000000000000000e+03
1.795700000000000000e+04
1.880000000000000000e+02
7.200000000000000000e+01
1.430000000000000000e+02
3.862200000000000000e+04
2.700000000000000000e+01
2.800000000000000000e+01
2.900000000000000000e+01
2.600000000000000000e+02
7.877000000000000000e+03
1.740000000000000000e+02
6.384000000000000000e+03
3.600000000000000000e+01
2.611000000000000000e+04
1.420000000000000000e+02
2.767000000000000000e+03
4.480000000000000000e+03
2.220000000000000000e+02
6.000000000000000000e+01
4.700000000000000000e+01
5.500000000000000000e+01
3.800000000000000000e+01
5.600000000000000000e+01
4.600000000000000000e+01
1.399300000000000000e+04
3.323300000000000000e+04
3.724000000000000000e+03
3.390000000000000000e+02
1.252100000000000000e+04
2.080000000000000000e+02
9.671000000000000000e+03
1.367000000000000000e+03
1.120000000000000000e+02
5.230000000000000000e+02
1.010000000000000000e+02
2.100000000000000000e+02
5.400000000000000000e+01
2.893400000000000000e+04
3.727900000000000000e+04
2.600000000000000000e+01
3.900000000000000000e+01
1.600000000000000000e+01
3.421300000000000000e+04
1.895600000000000000e+04
1.254000000000000000e+04
3.912700000000000000e+04
1.500000000000000000e+01
2.300000000000000000e+01
3.441100000000000000e+04
6.000000000000000000e+00
1.700000000000000000e+01
4.000000000000000000e+01
2.100000000000000000e+01
1.900000000000000000e+01
1.100000000000000000e+01
3.300000000000000000e+01
3.265400000000000000e+04
4.200000000000000000e+01
2.983800000000000000e+04
4.370300000000000000e+04
5.503400000000000000e+04
3.631000000000000000e+04
3.000000000000000000e+01
1.610000000000000000e+02
5.600000000000000000e+01
3.074200000000000000e+04
1.070000000000000000e+02
2.900000000000000000e+01
1.367000000000000000e+04
4.280100000000000000e+04
9.766000000000000000e+03
1.505500000000000000e+04
3.254200000000000000e+04
3.905000000000000000e+04
6.000000000000000000e+00
2.400000000000000000e+01
1.760000000000000000e+02
1.730000000000000000e+02
9.700000000000000000e+01
1.080000000000000000e+02
3.440000000000000000e+02
5.900000000000000000e+01
4.700000000000000000e+01
6.200000000000000000e+01
1.130000000000000000e+02
2.810000000000000000e+02
2.821000000000000000e+03
9.983000000000000000e+03
3.979000000000000000e+04
1.320000000000000000e+02
2.500000000000000000e+01
2.000000000000000000e+01
1.100000000000000000e+01
8.000000000000000000e+00
2.031000000000000000e+03
1.017800000000000000e+04
2.325200000000000000e+04
1.516000000000000000e+03
6.126000000000000000e+04
7.400000000000000000e+01
1.600000000000000000e+02
1.090000000000000000e+03
2.233000000000000000e+03
8.329000000000000000e+03
1.111500000000000000e+04
8.670000000000000000e+02
2.120000000000000000e+02
9.070000000000000000e+02
7.110000000000000000e+02
1.489000000000000000e+04
2.193100000000000000e+04
5.710000000000000000e+03
3.885000000000000000e+03
1.935000000000000000e+03
1.730000000000000000e+02
7.200000000000000000e+01
1.520000000000000000e+02
1.810000000000000000e+02
3.809000000000000000e+03
1.310000000000000000e+02
9.842000000000000000e+03
5.600000000000000000e+01
9.214000000000000000e+03
1.679000000000000000e+03
1.892000000000000000e+04
1.518000000000000000e+03
1.305300000000000000e+04
2.110000000000000000e+03
3.068600000000000000e+04
3.025600000000000000e+04
3.029700000000000000e+04
6.000000000000000000e+01
1.100000000000000000e+01
2.252700000000000000e+04
1.848900000000000000e+04
1.060000000000000000e+02
8.040000000000000000e+02
1.096000000000000000e+03
3.326700000000000000e+04
3.000000000000000000e+01
1.240000000000000000e+02
3.672300000000000000e+04
2.200000000000000000e+01
1.600000000000000000e+01
1.300000000000000000e+01
2.300000000000000000e+01
3.758600000000000000e+04
1.800000000000000000e+01
2.300000000000000000e+01
1.400000000000000000e+01
2.400000000000000000e+01
1.500000000000000000e+01
5.309000000000000000e+03
3.138900000000000000e+04
2.800000000000000000e+01
2.300000000000000000e+01
2.200000000000000000e+01
3.900000000000000000e+01
1.520000000000000000e+02
4.400000000000000000e+01
3.505200000000000000e+04
3.466600000000000000e+04
2.500000000000000000e+01
5.000000000000000000e+00
3.100000000000000000e+01
1.200000000000000000e+01
3.900000000000000000e+01
3.859300000000000000e+04
2.376300000000000000e+04
6.000000000000000000e+01
3.400000000000000000e+01
2.380000000000000000e+02
5.600000000000000000e+01
1.293000000000000000e+03
8.050000000000000000e+02
1.170000000000000000e+03
3.062000000000000000e+03
4.002000000000000000e+03
4.700000000000000000e+01
1.253200000000000000e+04
3.081800000000000000e+04
2.892900000000000000e+04
8.400000000000000000e+01
1.895800000000000000e+04
2.237000000000000000e+04
1.068300000000000000e+04
4.243900000000000000e+04
2.623700000000000000e+04
4.700000000000000000e+01
5.800000000000000000e+01
2.722000000000000000e+03
2.774000000000000000e+03
5.590000000000000000e+02
6.490000000000000000e+02
9.650000000000000000e+02
4.797000000000000000e+03
1.769000000000000000e+03
2.309000000000000000e+03
4.559000000000000000e+03
1.660000000000000000e+02
3.851000000000000000e+03
2.886000000000000000e+03
2.868000000000000000e+03
5.994000000000000000e+03
4.857000000000000000e+03
1.745000000000000000e+03
1.015000000000000000e+04
2.373000000000000000e+03
8.390000000000000000e+02
3.600000000000000000e+02
2.320000000000000000e+02
1.066000000000000000e+03
1.576000000000000000e+03
5.911000000000000000e+03
3.391000000000000000e+03
5.380000000000000000e+02
9.280000000000000000e+02
2.110000000000000000e+02
3.159000000000000000e+03
5.269000000000000000e+03
2.830000000000000000e+03
1.503000000000000000e+03
4.183000000000000000e+03
5.176000000000000000e+03
1.496000000000000000e+03
1.111000000000000000e+03
2.340000000000000000e+02
1.242100000000000000e+04
9.110000000000000000e+02
2.893000000000000000e+03
5.685000000000000000e+03
6.513000000000000000e+03
5.865000000000000000e+03
2.905000000000000000e+03
1.287000000000000000e+03
1.807000000000000000e+03
1.334000000000000000e+03
1.390000000000000000e+03
9.030000000000000000e+02
1.059000000000000000e+03
1.212000000000000000e+03
1.083800000000000000e+04
1.149800000000000000e+04
1.176400000000000000e+04
5.132000000000000000e+03
1.050000000000000000e+02
8.310000000000000000e+02
1.802000000000000000e+03
3.010000000000000000e+02
5.400000000000000000e+01
1.570000000000000000e+02
8.400000000000000000e+01
1.750000000000000000e+02
2.931000000000000000e+03
2.970000000000000000e+03
3.810000000000000000e+02
1.421500000000000000e+04
3.403400000000000000e+04
5.310000000000000000e+02
5.247000000000000000e+04
9.750000000000000000e+02
1.960000000000000000e+02
1.264500000000000000e+04
2.840700000000000000e+04
2.490200000000000000e+04
4.900000000000000000e+01
3.372000000000000000e+03
2.971200000000000000e+04
2.888800000000000000e+04
2.543600000000000000e+04
3.000000000000000000e+01
9.100000000000000000e+01
7.190000000000000000e+02
2.870000000000000000e+03
8.149000000000000000e+03
1.220000000000000000e+03
2.525400000000000000e+04
3.086400000000000000e+04
3.300000000000000000e+01
1.889900000000000000e+04
6.567000000000000000e+03
1.889000000000000000e+03
8.312000000000000000e+03
1.240000000000000000e+02
1.110000000000000000e+02
1.954000000000000000e+04
8.500000000000000000e+01
8.000000000000000000e+01
5.700000000000000000e+01
3.970000000000000000e+02
2.966000000000000000e+03
1.066000000000000000e+03
1.137000000000000000e+03
1.113000000000000000e+03
5.310000000000000000e+02
2.290000000000000000e+03
2.249000000000000000e+03
6.664000000000000000e+03
3.343000000000000000e+03
3.332000000000000000e+03
1.210000000000000000e+03
4.527000000000000000e+03
7.931000000000000000e+03
1.089500000000000000e+04
1.297000000000000000e+03
3.571000000000000000e+03
6.063000000000000000e+03
4.460000000000000000e+03
1.342000000000000000e+03
2.614000000000000000e+03
2.429000000000000000e+03
5.294000000000000000e+03
4.982000000000000000e+03
5.190000000000000000e+03
1.932000000000000000e+03
3.692000000000000000e+03
1.597000000000000000e+03
1.333000000000000000e+03
2.920000000000000000e+02
2.730000000000000000e+03
1.509000000000000000e+03
1.646900000000000000e+04
4.351100000000000000e+04
2.328600000000000000e+04
3.527200000000000000e+04
1.400000000000000000e+01
3.592300000000000000e+04
3.300000000000000000e+01
2.992700000000000000e+04
4.029800000000000000e+04
2.000000000000000000e+01
1.300000000000000000e+01
9.000000000000000000e+00
1.600000000000000000e+01
2.900000000000000000e+01
2.100000000000000000e+01
2.000000000000000000e+01
3.228400000000000000e+04
2.200000000000000000e+01
2.484300000000000000e+04
3.250000000000000000e+02
7.600000000000000000e+01
2.300000000000000000e+01
1.230000000000000000e+02
2.224800000000000000e+04
4.800000000000000000e+01
5.300000000000000000e+01
3.745800000000000000e+04
2.457200000000000000e+04
3.150600000000000000e+04
7.900000000000000000e+01
1.605200000000000000e+04
5.100000000000000000e+01
1.820000000000000000e+04
7.100000000000000000e+01
1.928000000000000000e+04
2.121000000000000000e+04
2.520000000000000000e+02
8.100000000000000000e+01
9.080000000000000000e+02
1.967000000000000000e+03
4.950000000000000000e+02
7.720000000000000000e+02
4.206000000000000000e+03
2.848000000000000000e+03
2.705000000000000000e+03
6.500000000000000000e+01
4.900000000000000000e+01
5.898000000000000000e+03
1.076000000000000000e+03
6.210000000000000000e+02
1.704400000000000000e+04
2.400000000000000000e+03
1.383000000000000000e+03
6.390000000000000000e+02
4.580000000000000000e+02
1.915000000000000000e+03
2.875000000000000000e+03
3.379000000000000000e+03
1.070000000000000000e+02
2.310000000000000000e+03
1.308000000000000000e+03
2.182000000000000000e+03
1.659000000000000000e+03
3.385000000000000000e+03
1.800000000000000000e+02
9.430000000000000000e+03
1.700000000000000000e+01
3.500000000000000000e+01
7.352000000000000000e+03
1.895000000000000000e+03
5.400000000000000000e+01
2.840000000000000000e+02
2.990000000000000000e+02
7.573000000000000000e+03
5.444000000000000000e+03
2.190000000000000000e+02
1.108000000000000000e+03
3.660000000000000000e+02
5.320000000000000000e+02
8.700000000000000000e+01
4.104000000000000000e+03
1.609200000000000000e+04
6.491000000000000000e+03
8.300000000000000000e+03
2.550000000000000000e+02
5.516000000000000000e+03
6.251000000000000000e+03
3.026000000000000000e+03
2.975000000000000000e+03
6.200000000000000000e+01
2.600000000000000000e+02
3.440000000000000000e+02
9.950000000000000000e+02
5.000000000000000000e+01
9.300000000000000000e+01
9.300000000000000000e+01
1.850000000000000000e+02
1.210000000000000000e+02
5.000000000000000000e+01
5.117000000000000000e+03
3.230000000000000000e+02
4.280000000000000000e+02
4.073700000000000000e+04
1.500000000000000000e+01
9.000000000000000000e+00
2.945300000000000000e+04
1.689000000000000000e+03
1.449000000000000000e+03
2.533600000000000000e+04
6.967000000000000000e+03
1.895800000000000000e+04
1.510000000000000000e+02
3.660000000000000000e+02
1.067000000000000000e+03
2.920900000000000000e+04
6.800000000000000000e+01
7.200000000000000000e+01
7.260000000000000000e+02
9.580000000000000000e+02
2.684000000000000000e+03
4.426000000000000000e+03
2.020000000000000000e+03
8.200000000000000000e+01
2.268000000000000000e+03
1.491000000000000000e+04
9.876000000000000000e+03
3.557000000000000000e+03
1.201900000000000000e+04
9.330000000000000000e+02
1.426200000000000000e+04
6.000000000000000000e+02
4.540000000000000000e+02
1.139000000000000000e+03
1.850000000000000000e+02
5.680000000000000000e+02
7.940000000000000000e+02
1.225000000000000000e+03
2.960000000000000000e+02
1.737000000000000000e+03
1.720100000000000000e+04
3.981000000000000000e+03
3.110000000000000000e+03
2.489000000000000000e+03
7.499000000000000000e+03
2.046000000000000000e+03
1.362000000000000000e+03
2.278000000000000000e+03
2.919000000000000000e+03
4.754000000000000000e+03
5.100000000000000000e+01
4.160000000000000000e+02
2.081000000000000000e+03
4.340000000000000000e+03
1.356000000000000000e+04
9.266000000000000000e+03
7.700000000000000000e+01
2.438000000000000000e+03
8.200000000000000000e+01
9.676000000000000000e+03
1.426000000000000000e+04
1.151000000000000000e+04
1.211900000000000000e+04
1.526000000000000000e+03
8.060000000000000000e+02
5.315000000000000000e+03
9.450000000000000000e+02
2.106000000000000000e+03
2.854900000000000000e+04
3.053000000000000000e+03
3.058000000000000000e+03
4.200000000000000000e+01
4.700000000000000000e+01
3.068000000000000000e+03
1.411000000000000000e+03
1.306000000000000000e+03
1.802000000000000000e+03
2.310000000000000000e+02
1.970000000000000000e+02
8.700000000000000000e+01
1.300000000000000000e+02
1.142000000000000000e+03
1.200000000000000000e+02
7.770000000000000000e+02
3.717000000000000000e+03
2.705000000000000000e+03
2.020000000000000000e+03
4.144000000000000000e+03
1.177000000000000000e+03
2.410000000000000000e+02
1.505500000000000000e+04
1.606200000000000000e+04
9.860000000000000000e+02
1.494000000000000000e+03
8.544000000000000000e+03
2.926700000000000000e+04
1.010000000000000000e+02
9.800000000000000000e+01
1.780000000000000000e+02
1.860000000000000000e+02
1.121200000000000000e+04
9.311000000000000000e+03
5.352000000000000000e+03
4.416300000000000000e+04
3.606000000000000000e+03
3.273000000000000000e+03
8.800000000000000000e+01
1.090000000000000000e+02
8.100000000000000000e+01
1.138900000000000000e+04
7.664000000000000000e+03
2.690000000000000000e+02
